8	0	1
-2	4	-1		0	1	0
0	2	-2		0	2	0
-1	2	0		0	2	0
1	0	0		0	1	0
0	1	-1		0	1	0
-1	-1	0		0	0	0
0	0	0		0	0	0
0	1	-3		0	0	-1
2	3	0		0	1	-1
1	0	0		1	1	0
-2	2	-2		0	1	-1
2	2	-5		0	1	-2
-3	-1	-2		0	0	-2
1	4	-3		0	2	-2
0	-1	-3		0	0	-3
-3	4	0		-1	2	-2
5	0	0		1	1	-1
1	-8	-2		1	-1	-2
-1	0	-3		0	-1	-2
-1	-12	2		0	-5	0
2	-5	1		0	-5	0
4	16	-2		1	2	0
0	-16	4		1	-4	0
-1	17	-1		0	3	0
-2	-8	-4		0	0	-1
-1	-1	-1		0	0	-1
-2	-6	0		-1	-2	0
-2	-4	0		-1	-3	0
0	-2	-5		0	-3	-2
1	-1	2		0	-2	0
-1	-2	-1		0	-2	0
-2	1	4		-1	-1	0
-1	-2	-2		-1	-1	0
-2	1	-3		-1	0	-1
0	0	-2		-1	0	-1
0	0	-1		0	0	-1
4	0	4		0	0	0
0	1	-1		0	0	0
0	-1	-3		0	0	-1
3	4	-3		1	1	-1
-3	-3	0		0	0	-1
0	4	-1		0	1	-1
-1	-3	3		0	0	0
-2	6	1		0	2	0
0	-3	0		0	0	0
B(J	-1	J
1	-9	1		0	-3	1
2	9	-2		0	1	0
4	-6	0		1	-1	0
-1	4	-2		0	0	0
1	0	0		0	0	0
0	1	0		0	0	0
0	4	0		0	2	0
-2	-1	3		0	0	1
3	-1	-3		0	0	0
-3	1	-2		0	0	-1
-1	-5	0		-1	-1	0
2	-1	6		0	-1	1
0	5	3		0	0	2
0	-1	1		0	0	2
-1	0	1		0	0	2
-1	3	0		0	1	1
-2	0	-3		-1	0	0
-1	0	-4		-1	0	-1
-3	7	1		-2	2	0
0	-3	-1		-1	0	-1
0	5	1		-1	2	0
1	-3	-1		0	0	0
0	0	0		0	0	0
0	-1	0		0	0	0
3	1	0		1	0	0
0	-3	-1		0	0	0
0	5	-2		0	1	-1
-1	0	1		0	0	0
-3	1	0		-1	0	0
-1	1	-4		-1	1	-1
-2	3	-2		-1	1	-1
1	-3	-3		0	0	-2
0	0	1		0	0	-1
1	0	0		0	0	0
-3	-1	5		0	0	1
0	4	1		0	1	1
1	-1	0		0	0	1
-1	5	0		0	2	0
0	0	0		0	1	0
0	2	-1		0	1	0
-2	-2	0		0	0	0
-3	0	-1		-1	0	0
-2	-2	-2		-2	0	-1
0	2	4		-1	0	0
1	-5	5		0	-1	2
0	-4	14		0	-2	6
-2	18	-104		-1	4	-30
-137	-202	130		-46	-64	22
-5	-134	190		-33	-88	78
169	228	462		34	17	207
-9	-18	47		20	5	153
2	-172	14		14	-53	107
-3	-11	2		8	-39	72
2	-18	3		6	-32	49
4	-4	30		5	-23	43
2	-3	105		4	-16	63
1	33	-43		3	0	28
-6	61	202		0	20	86
-224	-309	227		-74	-89	133
-167	-265	194		-105	-148	153
-379	-207	529		-197	-168	279
-212	318	550		-202	-5	369
-77	183	461		-160	57	400
-54	241	480		-125	119	427
3	174	581		-82	137	478
-8	68	619		-57	114	525
-66	-8	539		-60	73	530
-131	-332	887		-84	-62	649
-98	-528	951		-89	-217	750
-83	-344	1037		-87	-260	846
-89	-174	703		-88	-231	798
-240	-260	1186		-138	-241	928
-265	-222	1326		-181	-234	1061
-59	-118	945		-140	-195	1022
-111	-35	1236		-130	-142	1093
-6	-51	1348		-89	-112	1179
88	-23	1129		-29	-82	1162
51	-148	991		-2	-104	1105
20	-122	894		4	-110	1034
-75	-44	1094		-22	-88	1054
11	-70	992		-10	-82	1033
90	-63	762		22	-76	943
4	-2	626		16	-51	837
-114	-82	700		-27	-61	791
-212	-50	1044		-89	-57	876
-127	-34	909		-102	-50	887
-139	164	815		-114	21	863
-185	113	821		-138	52	849
-260	31	930		-179	45	876
-252	-17	857		-203	24	870
-386	-31	924		-264	5	888
-338	260	922		-289	90	899
-245	220	740		-274	134	846
-201	178	604		-250	148	765
-134	130	504		-211	142	678
5	136	438		-139	140	598
111	214	327		-55	165	507
119	255	474		2	195	496
132	300	302		46	230	431
88	264	118		60	241	327
54	249	140		58	244	264
86	242	-1		67	243	175
76	227	-99		70	238	83
106	254	-309		82	243	-47
95	230	-369		86	239	-154
122	211	-419		98	230	-243
168	189	-596		121	216	-361
237	210	-901		160	214	-541
149	101	-970		156	176	-685
53	-52	-884		122	100	-751
116	-31	-1109		120	56	-871
-15	-118	-1040		75	-2	-927
-83	-155	-898		22	-53	-917
-8	-94	-990		11	-67	-942
58	46	-1148		27	-29	-1010
18	133	-1172		24	25	-1064
-31	-30	-945		5	6	-1025
-61	-193	-695		-16	-60	-915
55	-97	-925		7	-72	-918
120	-58	-1080		45	-67	-972
138	-141	-1162		76	-92	-1036
-28	-402	-1028		41	-196	-1033
-30	-382	-794		17	-258	-953
170	-133	-1095		68	-216	-1001
255	-71	-1253		130	-168	-1085
113	-616	-942		125	-317	-1037
77	-337	-675		109	-324	-916
233	-7	-1022		150	-218	-952
407	234	-1463		236	-67	-1122
122	219	-1089		198	28	-1111
-130	-230	-829		88	-58	-1017
-45	-100	-1175		43	-72	-1070
180	7	-1281		89	-45	-1141
207	91	-1075		128	0	-1119
96	15	-1096		118	5	-1111
81	-45	-1208		105	-11	-1143
101	-67	-985		104	-30	-1091
197	142	-1366		135	27	-1182
318	292	-1631		196	115	-1332
254	383	-1395		215	205	-1353
-105	241	-1151		108	217	-1286
-36	440	-1155		60	291	-1242
103	397	-1060		74	327	-1181
-201	398	-622		-17	350	-995
-238	231	-476		-91	310	-821
-38	548	-383		-73	390	-675
-75	1163	-11		-74	648	-453
-360	373	116		-169	556	-263
-364	203	134		-234	438	-130
-100	212	32		-189	363	-76
-6	307	20		-128	344	-43
-20	223	81		-92	304	-1
-142	-98	168		-109	169	54
-292	-252	410		-170	28	173
-265	-66	712		-202	-3	353
-247	102	904		-217	32	537
-315	-154	1097		-250	-30	724
-640	-50	1396		-380	-36	948
-313	352	1118		-358	93	1005
-133	510	1254		-283	232	1088
-543	220	1796		-370	228	1325
-410	296	1304		-383	251	1318
-291	498	1379		-352	333	1338
-632	476	1986		-446	381	1554
-230	754	833		-374	506	1314
-266	695	802		-338	569	1143
-436	795	1312		-370	644	1199
-182	1212	503		-307	834	967
-260	1302	131		-292	990	688
-330	910	155		-304	963	510
-264	918	131		-291	948	383
-245	1404	-121		-275	1100	214
-249	1338	-13		-267	1180	138
-282	1319	184		-272	1226	153
-192	1072	18		-245	1175	108
-330	797	15		-273	1049	77
-396	512	346		-314	870	167
-370	152	486		-333	630	274
-401	253	651		-356	504	400
-445	9	751		-385	339	517
-550	-595	1040		-440	27	692
-505	-527	1029		-462	-158	804
-499	-429	1016		-475	-248	875
-396	-552	930		-448	-350	893
-271	-321	805		-389	-340	864
-295	-397	754		-358	-359	827
-357	-678	808		-358	-466	821
-300	-884	607		-338	-605	750
-130	-501	516		-269	-571	672
-80	-616	700		-206	-586	681
209	-1198	465		-67	-790	609
432	-797	-81		99	-792	378
481	-430	-209		227	-671	182
504	-612	-276		319	-652	29
562	-528	-587		400	-610	-176
1049	-890	-892		617	-704	-415
1766	-1027	-1356		1001	-812	-730
1332	-887	-1049		1112	-837	-836
1487	-457	-1242		1237	-710	-972
1571	148	-1383		1349	-423	-1109
1160	-78	-1045		1285	-308	-1088
900	-3	-849		1157	-206	-1008
1246	335	-1074		1186	-25	-1030
1891	876	-1332		1422	275	-1131
1093	847	-750		1312	466	-1004
539	681	-563		1054	538	-856
1054	919	-760		1054	665	-824
1843	1620	-1253		1317	984	-968
825	1420	-460		1153	1130	-798
175	1291	-328		826	1184	-641
537	1301	-481		730	1223	-588
974	1648	-867		811	1365	-681
458	907	-613		693	1212	-658
291	988	-588		559	1137	-635
568	1062	-760		562	1112	-677
1075	881	-1211		733	1035	-855
696	561	-853		721	877	-854
485	99	-727		642	617	-812
881	440	-1040		722	558	-888
1528	973	-1404		991	696	-1060
1433	746	-1242		1139	713	-1121
984	644	-614		1087	690	-952
1088	804	-438		1087	728	-780
1338	691	-435		1171	716	-665
1223	1025	18		1188	819	-436
886	849	564		1087	829	-102
1240	1724	210		1138	1128	2
1158	1698	467		1145	1318	157
1031	1357	769		1107	1331	361
810	1755	1002		1008	1473	575
922	1992	733		979	1646	628
880	1045	1124		946	1445	794
634	400	1617		842	1096	1069
449	117	1491		710	769	1210
465	369	1439		629	635	1286
455	498	1349		571	590	1307
273	69	1791		471	416	1469
68	41	1954		337	290	1631
71	245	1682		248	275	1648
127	415	1765		208	322	1687
189	198	1837		201	280	1737
149	-12	2016		184	182	1830
34	-116	1968		134	82	1876
138	195	1572		135	120	1774
99	383	1348		123	208	1632
-56	-169	1744		63	81	1669
-201	-948	1893		-25	-262	1744
-70	-600	1337		-40	-375	1608
-28	-228	1286		-36	-326	1500
-136	-1111	1849		-69	-588	1617
-148	-1606	1771		-96	-928	1668
-79	-1214	1466		-90	-1024	1601
-133	-1032	1440		-104	-1026	1547
-58	-1532	1576		-89	-1195	1557
-133	-1553	1260		-104	-1315	1457
-202	-1865	1188		-137	-1499	1368
-113	-1725	1254		-129	-1574	1330
-53	-1405	942		-103	-1518	1200
-60	-1207	654		-89	-1414	1018
-74	-1208	650		-84	-1345	895
-20	-1176	677		-63	-1288	822
232	-929	354		35	-1168	666
218	-1063	343		96	-1133	558
111	-930	421		101	-1066	512
116	-973	282		106	-1035	435
130	-1006	185		114	-1025	352
108	-853	255		112	-968	319
82	-1151	277		102	-1029	305
89	-1194	200		98	-1084	270
152	-858	-44		116	-1009	165
245	-1077	23		159	-1031	118
177	-1272	154		165	-1112	130
122	-1046	19		151	-1090	93
294	-902	-162		199	-1027	7
333	-986	-211		244	-1014	-65
169	-1083	-193		219	-1037	-108
415	-910	-271		284	-994	-162
671	-718	-642		414	-902	-322
549	-925	-553		459	-910	-400
512	-929	-223		477	-916	-341
756	-568	-428		570	-800	-370
1036	-765	-921		726	-788	-554
1011	-913	-867		821	-830	-659
959	-770	-851		867	-810	-723
1294	-736	-1102		1010	-785	-850
1652	-739	-1591		1224	-770	-1097
942	-862	-758		1130	-801	-984
711	-1189	-1086		990	-930	-1018
1589	-308	-2030		1190	-723	-1356
1082	-467	-1234		1154	-637	-1315
489	-711	-848		932	-662	-1159
746	-55	-1488		870	-459	-1269
1760	542	-1817		1167	-124	-1452
1036	397	-895		1123	49	-1266
176	139	-772		807	79	-1101
436	457	-1037		683	205	-1080
1772	1193	-1592		1047	535	-1251
1144	1242	-1408		1079	771	-1303
-465	549	-1851		563	697	-1486
-345	196	-1455		259	530	-1476
635	15	-2062		385	358	-1672
-722	-222	-1170		15	164	-1504
-376	217	-1984		-115	182	-1664
546	187	-2529		105	183	-1953
737	-150	-2709		316	72	-2206
-652	-694	-1595		-6	-183	-2002
-796	-1052	-1562		-270	-473	-1855
136	22	-1645		-134	-308	-1785
191	-369	-1525		-25	-328	-1698
-815	-132	-1027		-289	-263	-1474
-195	437	-1337		-258	-29	-1428
962	708	-1308		149	217	-1388
-134	708	-466		54	381	-1080
-692	773	-913		-194	512	-1024
302	537	-1145		-28	520	-1065
323	288	-980		88	443	-1036
-490	123	-694		-104	336	-922
-627	49	-538		-279	240	-794
57	-192	-505		-166	96	-697
262	-304	-110		-23	-37	-501
139	67	148		31	-2	-284
-254	-101	709		-64	-35	47
-181	-5	946		-103	-25	347
-74	450	967		-93	133	554
-450	293	1574		-212	186	895
-464	142	1897		-296	171	1230
-342	192	1751		-312	178	1404
255	450	1324		-122	269	1377
244	439	1450		0	326	1401
-219	-40	921		-73	204	1241
-551	-11	933		-233	132	1138
-217	291	926		-227	185	1067
-16	443	982		-157	271	1039
-154	251	1190		-156	264	1089
-459	-112	1581		-257	138	1254
-303	-1	1683		-272	91	1397
-254	-242	1571		-266	-19	1455
-392	-531	2169		-308	-190	1694
-68	-389	1654		-228	-256	1680
-86	-381	1395		-181	-298	1585
-78	-213	1577		-146	-269	1583
-238	37	1631		-177	-167	1599
-100	-157	1564		-151	-163	1587
34	52	1640		-89	-91	1605
-189	-13	1832		-122	-65	1681
-387	-290	1703		-211	-140	1688
-77	-42	1492		-166	-107	1622
-204	14	1465		-179	-67	1570
-570	-197	1627		-309	-110	1589
-561	-12	1579		-393	-77	1586
-626	185	1502		-471	10	1558
-1019	67	1817		-654	29	1644
-841	179	1835		-716	79	1708
-648	-171	1761		-694	-4	1726
-910	-114	1866		-766	-41	1773
-864	377	2099		-799	98	1882
-297	322	1948		-631	173	1904
-157	251	1725		-473	199	1844
-245	61	1578		-397	153	1755
-7	283	1804		-267	196	1771
162	460	1810		-123	285	1784
-49	167	1638		-99	245	1736
-131	-59	1249		-110	143	1573
-97	-119	1263		-105	55	1470
-360	-53	1188		-190	19	1376
-611	-55	779		-331	-5	1176
-655	-340	391		-439	-117	914
-493	-466	666		-457	-234	831
-669	-448	589		-528	-305	750
-580	-403	497		-545	-338	666
-697	-282	173		-596	-319	501
-922	-199	-35		-705	-279	321
-782	712	-333		-731	51	102
-872	-111	-404		-778	-2	-66
-660	-681	-557		-738	-229	-230
-342	-407	-1039		-606	-288	-500
-581	-205	-1594		-598	-260	-865
-1051	-146	-1828		-749	-222	-1187
-913	-338	-1715		-804	-261	-1363
-601	-262	-1653		-736	-261	-1460
-586	-551	-1405		-686	-358	-1442
-752	-488	-1623		-708	-401	-1502
119	-340	-1896		-431	-381	-1634
146	-757	-2122		-238	-506	-1797
-56	-1052	-2749		-177	-688	-2115
1384	-668	-3654		343	-681	-2629
1717	-1517	-3280		802	-960	-2846
76	-1018	-3293		559	-980	-2995
519	-1124	-2696		546	-1028	-2895
1362	-1277	-2124		819	-1111	-2638
247	-1168	-1944		628	-1130	-2406
-4	-1015	-1733		416	-1092	-2181
964	-1101	-1813		599	-1095	-2058
1097	-1080	-1655		766	-1090	-1924
1110	-732	-1882		881	-970	-1910
1140	-1381	-1675		967	-1107	-1831
1094	-842	-1413		1009	-1019	-1692
941	-414	-1505		987	-817	-1629
875	-633	-1243		949	-756	-1500
871	-984	-1248		923	-832	-1416
992	-1081	-1150		946	-915	-1327
1537	-256	-1091		1143	-695	-1248
1731	-117	-914		1339	-502	-1137
1056	-478	-919		1245	-494	-1064
618	-577	-1167		1035	-522	-1098
616	-378	-1274		895	-474	-1157
24	-501	-1260		604	-483	-1191
-392	-854	-964		271	-607	-1115
-540	-560	-953		0	-591	-1061
113	-388	-1051		38	-523	-1058
112	-325	-670		63	-457	-928
112	-149	-838		79	-354	-898
306	-32	-1293		155	-247	-1030
272	-185	-954		194	-226	-1005
-17	-500	208		123	-318	-599
-508	-476	54		-87	-371	-381
128	7	-458		-15	-244	-407
451	23	-240		140	-155	-351
102	-134	-38		127	-148	-246
-92	165	-294		54	-43	-262
419	374	-5		176	96	-176
644	218	386		332	136	11
149	246	586		271	173	203
-626	615	948		-28	321	452
-381	1245	1519		-146	630	808
536	1934	1511		81	1065	1043
73	1600	1319		78	1244	1135
-259	968	1955		-34	1152	1409
-426	422	1302		-165	908	1373
-673	-575	1033		-334	413	1260
-536	-684	1613		-402	46	1378
-26	-614	1747		-276	-174	1501
-520	-380	1309		-358	-243	1437
-854	39	1685		-523	-148	1520
-419	740	1807		-488	148	1616
-5	1699	1533		-327	666	1588
-118	1656	1644		-257	997	1607
-244	1006	1640		-253	1000	1618
-406	-220	1236		-304	592	1490
-442	-367	1472		-350	271	1484
-337	-396	1458		-346	48	1475
-405	-395	1448		-366	-99	1466
-115	42	1374		-282	-52	1435
-189	589	1273		-251	162	1381
-338	293	1405		-280	206	1389
18	259	1111		-180	223	1296
142	446	1090		-72	298	1227
55	305	970		-29	300	1141
54	47	1067		-1	216	1117
31	79	1022		9	170	1085
74	50	838		31	130	1002
60	-56	1006		40	67	1004
-16	-134	1191		21	0	1066
54	-64	1311		32	-21	1148
71	8	1219		45	-11	1172
-80	76	1100		3	17	1148
-213	293	1374		-69	110	1223
-84	164	1597		-74	128	1348
-117	357	1087		-88	204	1261
-123	-133	849		-100	91	1123
-150	2	1026		-117	62	1091
-53	102	1215		-95	75	1132
-19	52	958		-70	67	1074
-15	28	800		-52	54	982
-88	-8	1126		-64	33	1030
-74	59	1480		-67	42	1181
-101	151	1538		-79	78	1300
-60	163	1278		-72	107	1293
-101	169	1816		-82	128	1467
-57	409	2286		-74	222	1741
-13	259	1413		-53	234	1631
62	25	1141		-15	164	1468
60	58	1241		10	129	1392
97	270	1048		39	176	1277
28	-44	868		35	102	1140
-29	-112	778		13	30	1019
-32	-67	830		-1	-2	956
24	61	879		7	19	930
73	63	897		29	33	919
-25	-27	959		10	13	932
-133	-43	1132		-37	-5	999
-21	145	1437		-31	44	1145
-3	238	1500		-22	109	1264
-225	215	1401		-90	144	1310
-401	-103	1394		-194	62	1338
-416	-93	1510		-268	10	1395
-436	-101	1378		-324	-27	1390
73	21	807		-191	-10	1195
230	8	610		-50	-4	1000
77	-167	599		-7	-58	866
221	-11	784		68	-43	838
356	-8	747		164	-31	808
325	-148	611		218	-70	742
301	123	737		246	-5	740
331	276	556		274	88	679
203	298	739		250	158	699
57	128	814		185	148	738
18	441	882		129	246	786
78	611	881		112	368	818
77	337	1043		101	358	893
0	144	1127		67	286	971
-58	762	1211		25	445	1051
-77	49	956		-8	313	1020
-40	15	969		-19	213	1003
5	-19	1001		-11	135	1002
202	17	856		60	96	953
178	11	757		99	67	887
131	-81	581		110	17	785
111	-94	1027		110	-19	866
70	-124	650		97	-54	794
14	-121	488		69	-76	692
67	-240	751		69	-131	712
62	149	656		66	-37	693
72	-10	824		68	-28	736
48	-74	841		61	-43	771
-85	-117	727		12	-68	756
-259	27	645		-78	-36	719
34	-81	981		-40	-51	807
-65	-28	775		-49	-43	796
-30	-118	810		-43	-68	801
109	-186	776		8	-108	792
40	50	610		18	-55	732
32	-13	681		23	-41	715
-41	-20	614		1	-34	681
15	39	456		6	-9	606
116	-23	208		43	-14	473
106	-25	-56		64	-17	296
-105	-53	95		7	-29	229
-44	-43	226		-9	-34	228
28	0	27		2	-23	161
19	11	84		8	-11	135
-2	-93	25		4	-38	99
-107	57	-163		-32	-6	11
-150	202	-401		-72	63	-126
-147	47	-536		-97	57	-263
-25	95	-580		-73	70	-369
-179	218	-638		-108	119	-459
-90	48	-737		-102	96	-552
17	42	-745		-62	78	-616
-87	136	-691		-70	97	-641
-95	-31	-697		-79	54	-660
26	-162	-686		-43	-18	-668
59	-148	-613		-9	-61	-650
59	-36	-543		13	-53	-614
33	2	-606		20	-34	-611
24	-27	-577		21	-32	-600
22	155	-614		21	30	-605
37	296	-533		27	119	-580
34	-52	-468		29	61	-543
60	63	-574		39	62	-553
43	215	-710		41	113	-606
25	182	-677		35	136	-629
54	-69	-547		42	67	-602
25	-69	-573		36	21	-592
-23	78	-659		16	40	-615
88	205	-563		40	95	-597
71	2	-338		51	64	-511
49	-71	-329		50	19	-450
56	-13	-537		52	8	-479
93	258	-888		66	91	-616
75	127	-715		69	103	-649
156	-110	-519		98	32	-605
85	57	-556		94	40	-589
33	221	-773		73	101	-651
62	223	-606		70	142	-636
65	-230	-342		68	17	-538
77	5	-556		71	13	-544
88	86	-690		77	37	-593
61	126	-649		71	67	-612
24	13	-536		56	49	-586
43	29	-688		51	42	-620
-1	90	-789		34	58	-676
-57	276	-955		3	131	-770
-124	196	-919		-39	153	-820
-104	-250	-786		-61	18	-809
-71	-14	-903		-64	7	-840
-59	57	-994		-62	24	-892
-13	210	-955		-46	86	-913
4	-92	-692		-29	26	-839
9	-238	-833		-16	-62	-837
-36	67	-946		-23	-18	-873
-42	174	-1093		-29	45	-947
-267	-185	-781		-109	-31	-891
-233	89	-844		-150	8	-875
95	97	-954		-68	38	-902
102	132	-1069		-11	69	-958
-72	-141	-1117		-31	0	-1011
4	35	-1070		-19	11	-1030
211	8	-1362		57	10	-1141
180	-37	-1178		98	-5	-1154
-21	-116	-942		58	-42	-1083
-77	-63	-946		12	-49	-1037
156	137	-1313		60	12	-1129
246	-10	-1466		122	4	-1242
-176	-183	-1043		22	-57	-1175
24	-116	-1140		23	-77	-1164
183	6	-1348		76	-49	-1225
187	121	-1701		113	7	-1384
18	-157	-1034		82	-47	-1267
10	-359	-951		58	-151	-1162
134	-196	-1158		83	-166	-1160
213	71	-1310		127	-87	-1210
-58	-300	-927		65	-158	-1116
-79	-392	-855		16	-236	-1029
87	-4	-1184		40	-159	-1081
13	-91	-1214		31	-136	-1125
-159	-442	-757		-32	-238	-1002
-146	-381	-845		-70	-286	-950
30	-99	-1281		-36	-224	-1060
-44	-272	-1056		-39	-240	-1059
-210	-478	-759		-96	-320	-959
-231	-326	-1067		-141	-322	-995
-118	-311	-1272		-133	-318	-1087
-150	-535	-807		-139	-391	-994
-86	-77	-813		-121	-286	-933
170	312	-1286		-23	-86	-1051
76	220	-1087		9	16	-1063
-118	-1	-768		-33	10	-964
36	-88	-968		-9	-22	-966
184	-7	-1428		54	-17	-1120
173	-102	-1192		94	-46	-1144
218	-47	-809		135	-46	-1032
365	-10	-1081		212	-34	-1049
585	142	-1389		337	24	-1162
462	-125	-1254		378	-25	-1193
11	-393	-983		256	-148	-1123
-103	-184	-729		135	-160	-991
59	90	-955		110	-76	-979
81	-68	-1046		100	-73	-1002
-118	-357	-890		27	-168	-964
-215	-410	-883		-53	-249	-937
-9	-171	-1008		-39	-223	-961
195	-30	-1146		39	-159	-1023
189	-160	-741		89	-159	-929
271	-278	-725		150	-199	-861
406	-123	-901		235	-173	-874
394	-100	-780		288	-149	-842
241	44	-679		273	-84	-788
12	132	-423		186	-12	-666
41	203	-611		137	60	-648
307	240	-884		194	120	-727
448	136	-987		279	125	-813
497	72	-1159		352	107	-929
467	22	-1229		390	79	-1029
336	-213	-1284		372	-18	-1114
211	-175	-1029		318	-70	-1086
109	-182	-813		248	-108	-995
188	-135	-950		228	-117	-980
251	-31	-664		236	-88	-874
11	34	-459		161	-47	-736
-194	217	-689		42	41	-720
-318	357	-843		-78	146	-761
-493	92	-594		-216	128	-705
-165	-47	-621		-199	69	-677
61	-163	-941		-112	-8	-765
210	-25	-1174		-4	-13	-902
245	24	-976		78	-1	-926
49	-180	-935		69	-61	-929
52	-85	-971		63	-69	-943
33	40	-949		53	-32	-945
159	26	-1149		89	-12	-1013
302	-78	-1166		160	-34	-1064
177	-322	-1132		166	-130	-1087
417	-439	-1330		250	-233	-1168
242	-79	-1151		247	-182	-1162
191	-195	-1242		228	-186	-1189
-169	-1	-863		95	-124	-1080
-27	-152	-796		54	-133	-985
747	-933	-1586		286	-400	-1186
-594	348	-499		-8	-150	-957
-995	262	-175		-337	-12	-696
-103	-99	-1095		-259	-41	-829
130	-185	-1427		-129	-89	-1029
-253	62	-553		-170	-38	-870
-147	291	-556		-162	71	-765
17	240	-965		-102	127	-832
438	-152	-1228		78	34	-964
266	-160	-689		140	-30	-872
243	238	-682		175	59	-809
517	359	-1103		289	159	-907
300	247	-684		293	188	-833
397	193	-560		327	190	-742
453	-99	-899		369	93	-794
225	-322	-893		321	-45	-827
306	-205	-822		316	-98	-825
203	-271	-879		278	-156	-843
-55	-151	-804		167	-155	-830
336	-341	-1222		223	-217	-961
-35	-433	-657		137	-289	-860
-104	2333	-624		56	586	-781
-369	1032	-88		-85	735	-550
-176	90	-305		-116	519	-468
-197	-256	-35		-143	260	-323
5	326	-125		-93	282	-257
34	340	-349		-50	302	-288
-109	105	-156		-70	236	-244
-328	181	34		-156	217	-151
-160	263	-166		-157	233	-156
-41	409	31		-118	291	-93
3	555	229		-78	379	14
97	459	366		-19	406	131
-23	305	399		-20	372	221
45	228	368		1	324	270
152	150	208		52	266	249
125	51	212		76	194	237
46	-2	431		66	128	302
-35	153	599		32	136	401
-8	298	637		18	190	480
103	264	592		46	215	517
102	160	959		65	196	665
2	199	1244		44	197	858
21	303	1298		36	233	1005
122	326	1343		65	264	1118
49	117	1010		60	215	1082
-98	-33	879		7	132	1014
23	-103	789		12	53	939
37	-62	519		20	14	799
-50	-197	663		-3	-56	753
-88	-121	462		-31	-77	656
-99	-147	450		-54	-101	587
-83	-63	627		-64	-88	601
-9	62	626		-45	-38	609
-51	118	807		-47	14	675
-53	171	877		-49	66	743
-129	94	1007		-76	76	831
15	174	738		-45	109	800
117	186	522		8	134	707
-66	75	724		-16	115	713
-211	-81	1022		-81	49	816
-129	-26	842		-97	24	825
39	-36	538		-51	3	729
127	-78	587		8	-23	682
133	-38	725		49	-28	696
60	-51	821		53	-36	738
133	16	730		79	-18	735
206	-71	765		122	-36	745
125	-118	652		123	-63	714
-83	4	841		54	-41	756
-287	5	1082		-59	-25	865
-286	49	1159		-135	0	963
-47	158	685		-106	52	870
-65	76	779		-92	60	840
-118	105	1229		-101	75	970
-69	332	1439		-90	161	1127
-222	486	1263		-134	269	1172
-283	176	1266		-184	238	1203
-182	205	1654		-183	227	1354
49	508	1508		-105	321	1405
-50	378	1148		-87	340	1319
-56	173	1500		-77	284	1380
282	490	1520		42	353	1427
228	520	1312		104	409	1388
27	364	1904		79	394	1561
174	396	1822		111	395	1648
269	458	1004		163	416	1433
170	322	1080		165	384	1315
169	305	1157		167	358	1262
333	348	1039		222	355	1188
402	548	834		282	419	1070
195	681	1069		253	506	1070
191	794	1123		232	602	1088
423	926	938		296	710	1038
514	796	825		369	739	967
321	610	771		353	696	901
202	433	719		303	608	840
181	472	731		262	563	804
258	461	845		261	529	818
261	567	854		261	542	830
80	377	878		200	487	846
63	214	942		154	395	878
204	302	1054		171	364	937
322	575	1121		221	435	998
165	439	949		203	436	982
-27	261	1275		126	378	1080
105	497	1337		119	417	1166
235	809	1010		158	548	1114
117	596	708		144	564	978
20	356	1106		103	495	1021
70	661	1121		92	550	1054
147	766	686		110	622	931
244	485	599		155	576	820
299	569	800		203	574	813
264	633	1012		223	594	880
126	421	959		191	536	906
98	474	598		160	515	803
112	684	575		144	571	727
258	820	753		182	655	736
134	579	1122		166	629	865
96	583	818		143	614	849
144	804	568		143	678	755
290	942	547		192	766	686
217	837	883		200	790	752
46	579	904		149	719	802
72	597	788		123	679	798
165	711	825		137	689	807
196	498	804		157	626	806
151	319	944		155	523	852
128	230	1159		146	425	954
161	339	1040		151	396	983
167	328	830		156	374	932
164	236	1025		159	328	963
114	213	1245		144	289	1057
72	49	1225		120	209	1113
128	279	683		123	232	970
118	306	711		121	257	883
103	234	913		115	249	893
121	106	803		117	202	863
157	-59	610		130	114	778
180	11	558		147	80	705
102	71	708		132	77	706
287	0	711		184	51	708
401	-217	721		256	-38	712
332	-361	940		281	-146	788
173	-387	1093		245	-226	890
295	41	806		262	-137	862
314	143	800		279	-43	841
176	7	893		245	-26	858
141	-123	899		210	-58	872
171	96	786		197	-6	844
178	154	722		191	46	803
150	18	804		177	37	803
136	-216	869		163	-47	825
211	-227	876		179	-107	842
147	-239	779		169	-151	821
121	155	646		153	-48	763
150	132	625		152	11	717
89	-86	909		131	-21	781
24	-23	979		95	-21	847
2	88	795		64	15	830
132	88	712		87	39	791
152	79	833		109	52	805
134	-13	920		117	30	843
81	18	863		105	26	850
110	111	735		107	54	812
156	81	651		123	63	758
118	4	666		122	44	727
156	39	713		133	42	722
138	164	698		135	83	714
73	217	618		114	128	682
54	213	634		94	156	666
47	232	586		78	181	639
67	208	524		75	190	601
53	44	760		67	142	654
70	-4	732		68	93	680
44	37	699		60	74	686
16	-57	817		45	30	730
73	-217	986		55	-52	816
102	-287	1109		70	-131	914
81	-115	905		74	-125	911
73	-98	878		74	-116	900
125	-165	922		91	-132	907
84	-97	975		88	-121	930
125	-66	869		100	-103	910
105	90	769		102	-38	863
1	144	809		68	22	845
-70	209	929		22	85	873
8	233	852		17	134	866
73	181	733		36	150	821
77	197	636		50	165	760
0	218	741		33	183	753
-66	27	761		0	131	756
-82	143	639		-27	135	717
-63	252	428		-39	174	620
35	18	438		-14	122	560
-13	3	586		-13	82	568
-35	129	661		-21	98	599
21	222	605		-6	139	601
37	167	767		8	149	656
87	162	1004		34	153	772
209	100	820		93	135	788
161	46	755		115	105	777
166	68	748		132	93	767
182	199	758		149	128	764
128	220	665		142	159	731
98	253	548		127	190	670
75	203	570		110	194	637
-24	215	501		65	201	591
-26	261	515		34	221	566
8	189	508		25	210	546
46	148	502		32	190	531
40	220	460		35	200	508
92	234	504		54	211	506
124	197	570		77	206	527
104	221	526		86	211	527
74	216	609		82	213	554
31	195	498		65	207	536
20	220	549		50	211	540
20	159	607		40	194	562
28	169	563		36	185	563
-56	227	515		5	199	547
-31	187	314		-6	195	469
-24	141	235		-12	177	391
-63	116	143		-29	157	308
-106	199	-154		-55	171	153
-86	93	-193		-65	145	37
-13	-48	-109		-48	80	-11
-28	21	-261		-41	60	-95
-99	79	-442		-60	67	-210
-23	43	-480		-48	59	-301
47	62	-590		-16	60	-397
112	28	-802		26	49	-533
71	-23	-776		41	25	-614
128	7	-801		70	19	-676
128	15	-903		89	18	-752
115	51	-1182		98	29	-896
82	-91	-1245		93	-11	-1012
-1	-118	-1061		61	-47	-1028
162	-85	-1420		95	-59	-1159
275	-263	-1616		155	-127	-1312
101	-121	-1521		137	-125	-1382
-20	-163	-995		84	-138	-1253
114	-461	-1051		94	-246	-1185
-138	-453	-939		16	-315	-1103
-268	-505	-178		-78	-378	-794
41	-611	-462		-38	-456	-683
-2	-483	-775		-26	-465	-714
119	-116	-1366		22	-348	-932
7	63	-1428		17	-211	-1097
-43	-365	-817		-3	-262	-1004
113	-393	-1026		35	-306	-1011
198	64	-1570		90	-182	-1198
-39	-42	-1104		46	-135	-1166
61	-309	-914		51	-193	-1082
110	-21	-1345		71	-136	-1170
5	286	-1491		49	4	-1277
-48	-175	-1026		16	-55	-1193
86	-459	-936		39	-190	-1107
80	-51	-1217		53	-143	-1144
-24	324	-1483		27	12	-1257
-130	-55	-997		-25	-10	-1170
7	-237	-1063		-14	-86	-1134
108	-50	-1474		26	-74	-1248
-104	232	-1508		-17	28	-1335
-87	-97	-1200		-40	-13	-1290
7	-102	-1173		-24	-43	-1251
-143	543	-1299		-64	152	-1267
-85	683	-1618		-71	330	-1384
10	688	-1508		-44	449	-1425
-126	632	-1278		-71	510	-1376
-226	447	-1281		-123	489	-1344
0	464	-1369		-82	481	-1353
37	539	-1534		-42	500	-1413
44	374	-1490		-13	458	-1439
150	14	-1228		41	310	-1369
218	29	-1292		100	216	-1343
189	-194	-1528		130	79	-1405
240	-363	-1242		166	-68	-1350
250	-474	-1206		194	-204	-1302
173	-565	-1612		187	-324	-1406
371	-577	-1623		249	-409	-1478
360	-484	-1772		286	-434	-1576
419	-542	-2091		330	-470	-1748
708	-174	-2279		456	-371	-1926
640	-454	-2042		518	-399	-1964
336	-446	-1245		457	-415	-1724
257	-69	-1115		390	-299	-1521
330	-401	-1408		370	-333	-1483
332	-218	-1055		357	-294	-1340
279	-405	-1033		331	-331	-1238
583	-487	-1562		415	-383	-1346
828	-301	-1167		553	-356	-1287
765	-213	-914		624	-308	-1162
645	-191	-1015		631	-269	-1113
771	-137	-952		678	-225	-1059
718	-272	-872		691	-240	-997
668	-254	-939		683	-245	-977
719	-132	-1046		695	-207	-1000
630	-72	-890		674	-162	-964
448	-83	-1029		598	-136	-985
512	-227	-1186		570	-166	-1052
716	-103	-1253		619	-145	-1119
577	33	-838		605	-85	-1025
657	225	-790		622	17	-947
767	23	-968		671	19	-954
952	63	-943		765	34	-950
922	254	-552		817	108	-817
901	342	-515		845	186	-716
1187	168	-768		959	180	-734
1427	127	-770		1115	162	-746
969	40	-523		1066	121	-671
946	-11	-381		1026	77	-574
1292	-23	-660		1115	43	-603
1188	-37	-693		1139	16	-633
1032	-50	-346		1104	-5	-537
1201	173	-518		1136	54	-531
1218	66	-751		1164	58	-604
1142	156	-548		1156	91	-586
1050	355	-393		1121	179	-521
1063	115	-504		1102	157	-515
1273	64	-466		1159	126	-499
1054	156	-295		1124	136	-431
1253	188	-340		1167	154	-401
1418	-3	-637		1251	101	-480
1082	102	-283		1194	101	-414
1084	276	-89		1157	159	-306
1425	416	-249		1247	245	-287
1231	423	-198		1242	304	-257
1050	205	30		1178	271	-161
1267	301	-44		1208	281	-122
1274	169	-210		1230	243	-151
1517	427	-253		1326	305	-185
1514	399	-246		1389	336	-206
1632	381	-226		1470	351	-212
1876	677	-563		1605	460	-329
1659	367	-178		1624	429	-279
1480	126	102		1576	328	-151
1718	339	-10		1623	332	-104
1441	-177	-134		1563	161	-114
1052	462	219		1392	262	-3
1011	-62	-4		1265	153	-3
868	-64	-79		1132	80	-29
749	65	-163		1004	75	-73
597	84	-108		868	78	-85
716	191	-169		817	116	-113
797	134	-217		810	122	-148
639	83	-45		753	109	-114
725	118	-6		744	112	-78
697	217	85		728	147	-23
588	356	215		681	217	56
657	272	118		673	235	76
684	254	186		677	241	113
726	165	183		693	216	136
923	259	112		770	230	128
1081	182	61		874	214	106
955	4	-23		901	144	63
986	-60	-45		930	75	26
1010	-50	116		957	33	56
1017	-108	179		977	-14	97
878	-152	84		944	-60	93
978	-140	120		955	-87	102
1066	38	193		992	-45	133
1040	9	216		1008	-26	160
1042	-39	221		1019	-31	181
1122	134	360		1054	24	241
1079	198	716		1062	82	399
1008	377	650		1044	180	483
1035	320	415		1041	227	460
836	434	708		972	296	543
757	332	559		900	308	548
803	417	399		868	345	499
640	310	406		792	333	468
579	537	571		721	401	502
657	486	402		700	430	469
674	644	298		691	501	412
466	744	525		616	582	450
339	1054	754		523	740	551
274	1130	409		440	870	504
69	957	440		316	899	483
164	925	303		265	908	423
144	802	320		225	872	388
23	776	274		157	840	350
-267	1416	571		15	1033	424
-216	1365	605		-61	1144	484
26	429	11		-32	905	326
58	709	139		-1	839	264
-44	959	472		-16	879	333
-70	1138	571		-34	966	413
-206	1531	482		-91	1155	436
-279	1200	367		-154	1170	413
-358	1030	363		-222	1123	396
-379	1501	473		-275	1249	422
-259	1425	356		-269	1308	400
-326	913	242		-288	1176	347
-210	694	106		-262	1015	267
-164	804	413		-229	945	315
-337	1049	408		-265	980	346
-496	738	-47		-342	899	215
-745	1277	147		-477	1025	192
-859	1530	446		-604	1194	277
-899	2214	332		-703	1535	295
-693	1664	-34		-700	1578	185
-471	1117	397		-623	1424	256
-423	904	193		-556	1250	235
-371	952	180		-494	1151	216
-446	1031	135		-478	1111	189
-459	546	283		-472	922	220
-485	659	112		-476	834	184
-378	986	430		-444	885	266
-276	805	377		-388	858	303
-336	850	317		-370	855	308
-524	958	317		-422	889	311
-624	942	434		-489	907	352
-431	694	549		-470	836	418
-312	447	571		-417	706	469
-312	300	594		-382	570	511
-416	542	821		-393	561	614
-244	476	895		-343	533	708
-459	400	484		-382	488	633
-543	95	608		-436	357	625
-486	-45	571		-453	222	607
-682	-83	728		-529	120	647
-675	-292	1104		-578	-17	800
-855	-527	982		-670	-187	861
-750	-476	745		-697	-284	822
-932	-636	942		-775	-402	862
-781	-668	1272		-777	-491	999
-713	-519	1380		-756	-500	1126
-678	-670	1412		-730	-557	1222
-907	-482	942		-789	-532	1128
-596	-320	935		-724	-461	1064
-506	-204	1074		-651	-375	1067
-404	-63	781		-569	-271	972
-209	94	735		-449	-149	892
87	155	949		-269	-47	911
209	431	1201		-109	112	1008
17	247	924		-67	157	980
37	114	1093		-32	143	1018
362	157	1849		99	148	1295
120	175	1372		106	157	1321
-167	66	896		14	126	1179
4	11	1554		11	88	1304
342	-101	2604		122	24	1738
-52	-217	1503		63	-56	1660
-272	-253	486		-48	-122	1268
41	-442	1860		-18	-229	1465
134	-423	2471		32	-293	1801
-384	-807	1213		-106	-465	1605
-248	-944	1130		-154	-625	1446
274	-491	3141		-10	-580	2012
273	-570	3396		83	-577	2475
-34	-734	1458		44	-629	2135
-268	-1093	1427		-60	-784	1899
-154	-1009	3384		-91	-859	2395
-477	-1350	2248		-220	-1023	2346
-393	-1557	912		-278	-1201	1867
-363	-1165	2339		-306	-1189	2025
-632	-1361	2473		-415	-1247	2175
-409	-1342	1084		-413	-1279	1810
-273	-825	1283		-366	-1127	1634
-430	-500	1927		-388	-918	1732
-238	-724	904		-338	-853	1455
-112	-527	552		-262	-744	1154
-426	-308	1581		-317	-599	1296
-644	-825	1900		-426	-674	1498
-271	-164	934		-375	-504	1310
-300	-806	982		-350	-605	1200
-470	-1343	1991		-390	-851	1464
-454	-1144	1069		-411	-949	1332
-294	-1317	465		-372	-1072	1043
-478	-1055	985		-407	-1066	1023
-313	-907	493		-376	-1013	846
-98	-673	133		-283	-899	608
-261	-730	149		-275	-843	455
-184	-609	622		-245	-765	511
-93	-836	350		-194	-789	457
-212	-621	211		-200	-733	375
-71	-582	279		-157	-682	343
-76	-537	260		-130	-634	315
-84	-747	270		-114	-672	300
-99	-684	229		-109	-676	276
-32	-817	228		-84	-723	260
46	-1135	196		-40	-861	239
101	-1186	83		6	-969	187
146	-806	107		53	-915	160
-139	-272	139		-10	-700	153
-257	-452	153		-93	-617	153
-37	-533	45		-74	-589	117
12	-405	101		-45	-528	112
-199	-363	153		-97	-473	126
-141	-382	183		-111	-442	145
-23	-405	-14		-82	-430	91
-98	-318	-12		-87	-393	56
-199	-271	76		-124	-352	63
-186	-319	20		-145	-341	49
-12	-297	-112		-101	-326	-5
-53	-332	-26		-85	-328	-12
-197	-312	125		-122	-323	33
-88	-114	50		-111	-253	39
11	-42	25		-70	-183	34
27	-43	32		-37	-136	33
-67	-87	-21		-47	-120	15
-30	-188	-10		-42	-143	6
-130	-310	70		-71	-198	28
-145	-21	186		-96	-139	80
-8	-39	15		-66	-106	59
-41	-116	39		-58	-109	52
-98	-104	137		-71	-107	80
-171	-331	224		-105	-182	128
-145	-332	112		-118	-232	123
118	-283	-39		-39	-249	69
16	-158	-92		-20	-219	15
-21	-116	-162		-21	-184	-44
-18	-215	-142		-20	-195	-77
14	-165	-68		-8	-185	-74
8	-146	-65		-3	-172	-71
-30	-169	-36		-12	-171	-59
-16	-225	-18		-13	-189	-45
59	-228	-67		10	-202	-53
44	-133	-83		22	-179	-63
-7	-247	-162		12	-202	-96
64	-414	-138		29	-272	-110
0	-323	-33		20	-289	-84
-12	-144	-63		9	-241	