0	0	0

230	110	3296
367	190	5475
473	246	6929
526	268	7894
551	295	8567
583	307	8984
615	321	9286
637	335	9449
654	327	9570
682	330	9661
692	334	9720
688	332	9762
684	325	9779
694	319	9818
684	319	9819
676	335	9833
659	343	9843
649	355	9849
643	354	9851
649	343	9858
653	345	9859
661	353	9874
672	352	9856
697	345	9870
691	345	9868
699	342	9845
698	342	9842
696	344	9845
694	339	9865
690	350	9871
671	350	9890
659	351	9872
665	345	9859
661	352	9851
698	349	9865
691	351	9857
697	361	9848
698	350	9871
705	342	9875
699	344	9874
685	353	9881
676	348	9893
665	344	9873
651	345	9854
663	348	9859
676	358	9836
684	354	9842
683	347	9830
688	341	9843
682	335	9830
676	345	9833
679	349	9839
679	352	9839
669	352	9843
668	359	9849
665	353	9866
663	354	9872
663	355	9871
666	348	9855
676	356	9858
687	346	9847
687	346	9843
701	344	9831
699	348	9834
688	347	9850
707	356	9845
676	350	9861
669	361	9875
659	363	9868
650	359	9867
656	354	9854
635	348	9863
590	356	9874
664	379	9842
677	343	9854
692	350	9832
724	354	9824
694	347	9869
692	366	9843
660	357	9857
662	360	9862
664	356	9862
680	353	9864
678	352	9843
681	349	9852
695	341	9848
693	340	9869
703	345	9858
692	347	9837
688	356	9856
669	371	9877
658	367	9870
665	362	9860
662	378	9874
671	368	9851
680	361	9841
681	356	9849
699	345	9837
698	343	9838
699	345	9845
701	351	9846
693	346	9875
703	345	9878
689	348	9869
673	349	9890
666	363	9880
661	362	9878
679	355	9888
693	348	9852
698	340	9856
696	338	9866
696	341	9861
692	347	9844
680	347	9854
679	364	9851
678	357	9850
676	353	9855
679	350	9846
680	342	9859
658	342	9849
657	342	9852
677	349	9836
706	339	9829
704	348	9820
686	330	9834
673	321	9834
678	326	9848
673	323	9832
655	345	9849
647	344	9851
648	335	9874
635	342	9877
635	342	9877
665	348	9849
681	347	9857
694	349	9848
698	346	9840
717	342	9863
714	344	9851
700	344	9860
684	343	9853
662	354	9832
659	345	9841
654	350	9847
655	338	9867
663	342	9869
684	336	9870
694	328	9861
701	325	9839
693	339	9829
688	332	9847
671	336	9836
668	345	9829
670	334	9827
655	321	9848
660	316	9853
652	319	9848
664	317	9860
677	332	9865
683	336	9859
690	351	9843
704	359	9843
706	376	9840
711	355	9853
706	331	9851
703	317	9860
683	329	9854
681	340	9871
670	356	9857
658	360	9837
649	357	9840
658	361	9849
667	342	9856
684	331	9861
687	329	9857
690	337	9863
686	339	9870
673	350	9859
680	352	9860
667	352	9848
664	354	9866
656	351	9875
658	350	9888
685	347	9886
692	349	9887
670	352	9871
682	336	9849
690	326	9863
698	316	9861
685	325	9865
671	340	9868
680	336	9878
684	319	9890
665	311	9875
657	321	9864
651	337	9858
667	348	9880
671	342	9854
689	352	9851
699	344	9847
706	336	9827
702	338	9822
703	324	9829
706	330	9837
703	343	9851
671	343	9863
680	324	9915
608	310	9902
552	314	9794
472	388	9877
447	389	9937
585	380	9876
704	317	9849
750	278	9846
723	331	9756
743	280	9981
590	280	9856
491	394	9834
601	404	9879
678	436	9874
539	431	9913
508	383	9884
639	369	9861
726	339	9858
684	332	9863
661	326	9858
711	340	9841
736	353	9856
685	350	9842
645	333	9861
694	323	9847
697	348	9860
652	380	9864
613	365	9843
669	350	9840
717	354	9839
718	357	9833
687	349	9841
697	342	9839
737	341	9860
708	335	9880
669	347	9888
659	345	9880
673	358	9852
653	349	9871
637	351	9859
643	351	9850
672	345	9842
692	341	9844
674	338	9854
693	340	9850
702	331	9849
699	321	9875
685	341	9879
678	346	9891
676	354	9887
663	353	9871
660	364	9883
660	356	9882
680	353	9858
681	339	9839
678	329	9846
682	342	9843
695	324	9841
693	328	9839
703	340	9833
692	331	9850
697	332	9856
674	340	9880
664	348	9887
666	353	9876
669	354	9869
671	347	9878
670	338	9871
683	332	9877
706	336	9864
696	326	9842
700	333	9849
696	325	9815
688	327	9829
670	336	9841
668	332	9856
677	347	9860
671	344	9875
662	341	9854
668	347	9840
675	339	9838
677	333	9847
686	329	9848
688	331	9823
699	342	9832
692	343	9836
673	345	9853
665	337	9853
658	327	9868
669	342	9859
656	340	9885
647	342	9872
662	344	9873
667	349	9850
672	345	9849
685	344	9852
706	325	9846
706	337	9860
680	335	9855
678	332	9865
674	337	9855
671	347	9860
672	353	9859
663	345	9860
663	338	9847
680	334	9843
707	336	9832
711	339	9841
718	341	9848
715	348	9867
701	351	9860
697	343	9860
687	340	9863
691	341	9850
687	334	9853
683	345	9866
681	334	9884
677	328	9866
693	341	9870
697	333	9858
640	351	9836
609	353	9834
675	344	9827
702	335	9836
675	342	9870
683	361	9840
689	346	9848
682	351	9868
659	353	9850
639	347	9862
667	364	9853
681	347	9857
687	338	9854
693	338	9848
709	341	9841
724	341	9824
713	339	9818
681	354	9834
686	351	9848
688	352	9854
672	350	9864
644	349	9869
639	340	9866
679	343	9875
707	339	9851
703	347	9843
699	332	9832
709	324	9844
718	331	9836
696	343	9864
679	349	9862
675	359	9865
680	354	9848
667	343	9846
657	353	9851
660	340	9846
667	324	9836
687	339	9838
616	360	9904
543	373	9932
615	361	9861
684	335	9850
700	323	9856
685	343	9858
660	364	9858
661	357	9858
657	341	9843
672	327	9841
709	356	9835
710	359	9845
710	356	9838
723	358	9842
729	341	9816
698	330	9816
675	361	9820
689	358	9840
736	346	9812
691	337	9843
642	346	9848
623	352	9863
658	348	9867
677	332	9854
678	319	9837
697	347	9827
706	366	9823
707	341	9855
711	332	9853
695	332	9858
637	331	9858
702	343	9849
693	348	9850
686	363	9862
677	352	9853
661	347	9833
670	231	9971
550	324	9945
476	337	9882
618	270	9793
682	330	9894
744	338	9843
705	331	9824
578	311	9894
622	302	9990
693	267	10060
821	280	10157
1275	60	9464
1401	194	9476
1338	238	9585
1267	292	9635
1205	301	9671
1201	314	9706
1334	251	9711
1745	-84	9843
1665	50	9738
1630	133	9720
1590	179	9735
1649	381	9733
1677	363	9737
1683	359	9756
1663	347	9784
1654	346	9759
1627	360	9758
1546	376	9730
1541	323	9627
1644	328	9618
1693	341	9610
1687	366	9650
1691	310	9691
1758	282	9725
1800	333	9718
1753	436	9728
1804	80	9788
1805	152	9869
1854	225	9818
1966	267	9764
1954	301	9729
1931	409	9706
1929	328	9607
1940	194	9700
1950	245	9722
1962	281	9701
2039	367	9653
2041	426	9663
2095	400	9694
2154	382	9677
2158	369	9665
2223	362	9667
2259	353	9654
2208	334	9591
2197	336	9595
2273	334	9583
2401	343	9603
2461	340	9595
2460	344	9591
2469	205	9579
2504	178	9582
2668	235	9568
2765	261	9529
2851	276	9496
2876	294	9435
2866	399	9400
2749	405	9427
2599	467	9459
2785	445	9433
2970	353	9316
2937	397	9253
3037	344	9344
2998	196	9308
3265	170	9201
3051	449	9130
3639	69	9005
3337	181	9236
3408	242	9165
3405	272	9202
3425	278	9234
3490	272	9217
3726	256	9046
3571	303	9257
3520	440	9229
3600	388	9208
3547	358	9174
3874	225	9092
4022	267	9012
3815	295	9169
3856	326	9102
3879	366	9063
3674	419	8981
3665	414	8937
3851	325	8795
3772	306	9094
3987	330	8954
3998	358	9024
4082	466	8986
3977	335	9027
3997	339	9001
3951	355	9015
4062	357	8988
4151	343	8976
4254	363	8952
4253	334	8948
4252	380	8888
4174	564	8836
4125	337	8469
4243	313	8612
4413	346	8636
4352	279	8747
4415	315	8707
4679	338	8771
5251	421	9222
4893	317	9069
4776	274	8969
4758	310	8931
4805	360	8831
4906	299	8734
4807	317	8742
5105	334	8418
4912	313	8625
5072	268	8499
5165	292	8434
5135	270	8445
5128	138	8457
5224	194	8395
5109	325	8502
5265	332	8377
5245	379	8389
5337	369	8324
5350	352	8351
5450	327	8283
5422	361	8307
5437	350	8289
5402	357	8340
5488	357	8276
5500	364	8265
5517	355	8257
5517	352	8251
5509	350	8260
5543	351	8223
5559	337	8227
5600	351	8193
5585	348	8208
5588	350	8208
5608	322	8202
5648	238	8170
5681	250	8138
5737	416	8103
5748	394	8099
5744	358	8105
5772	363	8089
5778	362	8088
5836	339	8032
5892	380	7989
5822	401	8060
5885	355	7997
5890	310	7988
5970	307	7903
5903	296	7932
5980	330	7917
6098	357	7809
6122	329	7814
6159	323	7770
6300	330	7662
6358	307	7581
6416	265	7549
6485	274	7494
6457	289	7489
6463	304	7503
6470	326	7514
6522	338	7504
6595	336	7433
6668	315	7371
6647	318	7386
6587	322	7431
6585	334	7410
6584	337	7416
6622	340	7384
6649	321	7348
6674	314	7318
6677	287	7362
6670	303	7349
6649	312	7383
6719	318	7318
6752	326	7276
6789	320	7266
6902	315	7149
6918	318	7103
6959	327	7068
7085	405	6932
6838	304	7195
6764	226	7259
6979	226	7079
7067	267	6991
7023	287	7021
7216	303	6850
7235	321	6835
7277	313	6785
7287	301	6763
7259	326	6766
7329	336	6685
7286	344	6684
7389	394	6583
7548	421	6434
7637	292	6337
7396	244	6567
7647	285	6324
7865	286	6121
7717	430	6194
7872	274	6146
7766	202	6288
7645	250	6378
7724	309	6276
7742	400	6219
7656	90	6709
7813	-21	6596
7720	57	6476
7747	184	6308
7659	139	6389
7703	211	6301
7878	184	6101
7848	218	6184
7815	230	6182
7965	189	5843
7783	63	6221
8027	166	5845
8068	227	5843
8008	228	5857
8061	257	5763
8065	198	5691
8050	82	5695
8183	-43	5569
8178	47	5620
8154	92	5644
8189	99	5580
8158	91	5617
8255	97	5492
7978	106	5887
8140	110	5633
7863	-114	5779
8211	-240	5456
8087	-273	5307
8477	-379	5558
8197	-192	5661
8331	-139	5526
8382	-143	5368
8339	-197	5334
8427	-375	5374
8565	-275	5206
8636	-239	5137
8623	-204	5052
8246	-428	4798
8575	-515	4702
8375	-525	4979
8471	-432	4924
8587	-345	4789
8599	-381	4851
8729	-409	4806
8713	-468	4804
8719	-544	4721
8722	-566	4575
8618	-502	4481
9008	-519	4192
8782	-564	4463
8844	-469	4354
8897	-566	4285
8790	-654	4640
8642	-827	4305
8620	-816	4359
8589	-850	4338
8657	-914	4399
8644	-915	4469
8699	-850	4514
8721	-887	4379
8743	-1034	3894
8879	-971	4077
8744	-941	4369
8913	-998	4258
9019	-973	4132
8947	-1078	4056
9198	-938	3859
8909	-990	3827
9009	-1055	3740
8741	-1167	3982
8855	-1230	3834
8862	-1291	4018
8964	-1364	3958
8828	-1446	4023
8939	-1438	3964
8935	-1399	3929
9023	-1405	3886
9046	-1426	3911
9005	-1421	3891
8949	-1437	3848
8930	-1456	3807
8940	-1529	3767
8989	-1553	3750
9023	-1568	3727
9038	-1570	3723
9028	-1626	3710
9041	-1706	3671
9035	-1752	3615
9050	-1745	3610
9101	-1689	3593
9127	-1726	3551
9167	-1764	3553
9163	-1798	3553
9135	-1845	3505
9090	-1865	3463
9104	-1878	3463
9168	-1882	3396
9188	-1907	3379
9144	-1890	3401
9100	-1848	3438
9123	-1832	3369
9172	-1892	3296
9173	-1920	3284
9101	-1969	3213
9047	-2028	3152
9025	-2040	3111
9062	-2038	3094
9137	-2066	3100
9177	-2103	3034
9169	-2072	2974
9210	-2027	3003
9264	-2011	3011
9331	-2063	3003
9372	-2201	2903
9348	-2224	2849
9265	-2184	2829
9168	-2120	2802
9123	-2137	2792
9143	-2149	2760
9199	-2173	2712
9222	-2172	2679
9273	-2199	2652
9313	-2243	2624
9315	-2264	2595
9355	-2267	2602
9330	-2273	2551
9336	-2313	2578
9321	-2347	2538
9303	-2381	2488
9328	-2397	2478
9306	-2432	2456
9288	-2448	2398
9314	-2431	2379
9322	-2404	2380
9348	-2393	2429
9366	-2483	2388
9374	-2594	2351
9329	-2640	2296
9276	-2631	2295
9293	-2607	2207
9312	-2633	2177
9345	-2676	2155
9352	-2749	2132
9326	-2754	2111
9296	-2735	2077
9262	-2731	2011
9234	-2770	1958
9260	-2841	1967
9225	-2893	1942
9235	-2885	1912
9217	-2941	1789
9179	-3013	1701
9226	-3050	1668
9261	-3078	1627
9189	-3001	1720
9140	-2922	1706
9158	-2984	1638
9179	-3032	1562
9290	-3079	1656
9229	-3146	1587
9195	-3232	1611
9212	-3246	1505
9363	-3222	1548
9362	-3241	1497
9230	-3254	1491
9184	-3270	1421
9180	-3276	1344
10275	-2768	1778
9865	-2977	1763
9756	-2992	1721
9617	-3169	1533
9616	-3073	1722
9371	-3156	1361
8979	-3440	1634
8613	-3695	989
8860	-3576	1368
8731	-3610	1373
9391	-3534	1315
8415	-3666	887
8327	-3974	1428
8726	-3862	1093
8716	-3997	720
9125	-3728	1678
9066	-3729	1363
9122	-3855	1314
8975	-3815	1222
8985	-3846	1128
8974	-3761	1125
9044	-3808	1044
9131	-3854	955
9042	-3919	951
8973	-4006	824
8881	-4047	812
8899	-4072	759
8916	-3804	884
9071	-3919	877
8982	-4041	816
8927	-4167	719
8913	-4209	654
8838	-4138	669
8974	-4124	728
8933	-4263	649
8835	-4400	567
8563	-4450	1000
9237	-4288	428
9598	-4404	434
9399	-4618	410
9417	-4580	258
9003	-5042	515
8190	-5092	1083
8647	-4975	611
8568	-4942	396
8518	-4898	480
8722	-4969	130
8585	-4897	375
8576	-4884	289
8707	-4946	194
8485	-4996	209
8548	-4971	156
8414	-5009	39
8723	-4836	158
8815	-4942	84
8524	-5026	222
8589	-5062	-5
8436	-5091	41
8407	-5117	-35
8485	-5181	-60
8441	-5223	-61
8385	-5233	-82
8288	-5278	-130
8293	-5279	-174
8300	-5280	-161
8248	-5364	-237
8191	-5422	-285
8241	-5412	-327
8241	-5444	-376
8355	-5423	-299
8373	-5440	-393
8223	-5505	-369
8141	-5539	-459
8057	-5539	-566
8142	-5502	-595
8213	-5439	-477
8189	-5471	-497
7898	-5534	-244
8061	-5544	-522
8099	-5503	-598
8109	-5524	-667
8167	-5544	-785
8006	-5621	-644
7891	-5731	-519
7811	-5823	-541
8138	-5755	-779
8147	-5718	-998
8002	-5658	-1059
8010	-5677	-1212
8090	-5673	-1122
8058	-5760	-1091
7957	-5776	-1112
7943	-5768	-1026
7973	-5752	-1027
7995	-5764	-1036
7945	-5789	-1055
7894	-5820	-1072
7882	-5819	-1159
7910	-5828	-1215
7942	-5828	-1206
7892	-5858	-1242
7889	-5857	-1213
7881	-5872	-1149
7903	-5863	-1174
7880	-5875	-1283
7821	-5878	-1396
7828	-5918	-1396
7801	-5974	-1327
7776	-5880	-1301
7795	-5891	-1335
7773	-5985	-1416
7745	-6101	-1469
7729	-6122	-1437
7686	-6044	-1577
7548	-6021	-1738
7721	-6083	-1620
7613	-6211	-1675
7481	-6229	-1687
7410	-6180	-1798
7460	-6205	-1718
7464	-6318	-1792
7353	-6373	-1822
7258	-6388	-1858
7309	-6351	-1899
7341	-6414	-2010
7294	-6464	-2087
7246	-6446	-1989
7181	-6405	-1943
7138	-6402	-2056
7145	-6437	-2085
7101	-6477	-2049
7039	-6488	-2103
7025	-6504	-2166
6889	-6536	-2284
7107	-6550	-2184
7172	-6578	-2254
7135	-6589	-2269
7050	-6589	-2281
7085	-6542	-2253
7046	-6578	-2349
7013	-6632	-2473
6958	-6653	-2472
6843	-6683	-2515
6852	-6703	-2574
6875	-6691	-2661
6837	-6720	-2725
6795	-6790	-2740
6677	-6825	-2759
6651	-6786	-2784
6602	-6747	-2809
6624	-6752	-2860
6638	-6729	-2798
6582	-6714	-2677
6528	-6704	-2742
6516	-6718	-2936
6519	-6756	-3001
6507	-6770	-2954
6424	-6780	-2940
6408	-6804	-3013
6449	-6836	-3133
6428	-6866	-3215
6315	-6875	-3357
6211	-6906	-3268
6253	-6539	-3560
6267	-6637	-3311
6130	-6783	-3182
6214	-6859	-3367
6060	-6921	-3388
6126	-6992	-3456
6220	-6980	-3612
6111	-7027	-3545
6127	-7036	-3525
6066	-7059	-3657
6052	-7104	-3586
5989	-7060	-3520
5955	-6987	-3585
5923	-6931	-3653
5850	-6925	-3724
5905	-6984	-3673
5854	-7080	-3699
5686	-7089	-3648
5669	-7123	-3677
5693	-7152	-3690
5714	-7124	-3725
5735	-7163	-3779
5657	-7171	-3805
5693	-7231	-3801
5632	-7266	-3778
5704	-7204	-3865
5663	-7223	-3930
5560	-7340	-3994
5483	-7286	-3981
5648	-7181	-3901
5562	-7248	-3946
5439	-7332	-4086
5391	-7308	-4050
5392	-6994	-3980
5240	-7029	-3954
5158	-7144	-3991
5225	-7225	-4201
5065	-7309	-4089
5067	-7376	-4026
5080	-7419	-4108
5035	-7439	-4203
4964	-7394	-4230
4974	-7389	-4245
5010	-7440	-4319
5133	-7363	-4213
5124	-7382	-4298
5022	-7403	-4187
5074	-7431	-4178
5066	-7417	-4204
5015	-7382	-4238
4917	-7425	-4310
4835	-7452	-4336
4771	-7490	-4376
4667	-7486	-4483
4686	-7417	-4561
4736	-7435	-4499
4643	-7476	-4593
4432	-7512	-4591
4342	-7462	-4765
4397	-7439	-4772
4550	-7476	-4529
4567	-7574	-4392
4573	-7489	-4569
4399	-7616	-4708
4211	-7603	-4834
4097	-7684	-4770
4337	-7531	-5127
4343	-7501	-5018
4335	-7529	-4836
4352	-7526	-4897
4179	-7502	-4975
4069	-7570	-4958
4128	-7576	-4930
4051	-7584	-5045
3880	-7658	-5085
3899	-7641	-5158
3895	-7667	-5103
3865	-7656	-5028
3866	-7626	-5065
3842	-7645	-5117
3822	-7628	-5096
3830	-7610	-5011
3773	-7587	-4993
3704	-7658	-5074
3619	-7652	-5146
3660	-7615	-5079
3661	-7616	-5158
3629	-7667	-5130
3534	-7747	-5027
3593	-7735	-5051
3809	-7646	-5020
3726	-7658	-5235
3685	-7659	-5186
3563	-7658	-5203
3408	-7669	-5271
3285	-7725	-5209
3158	-7708	-5409
3291	-7672	-5375
3353	-7713	-5213
3288	-7709	-5155
3099	-7717	-5341
3017	-7772	-5362
3069	-7740	-5313
3111	-7722	-5372
3111	-7720	-5326
2980	-7693	-5436
2781	-7797	-5421
2751	-7805	-5578
2747	-7803	-5671
2673	-7935	-5429
2790	-7798	-5513
2861	-7837	-5523
2964	-7751	-5474
2960	-7750	-5450
2783	-7686	-5652
2555	-7739	-5688
2401	-7754	-5686
2326	-7738	-5680
2240	-7726	-5707
2176	-7714	-5744
2152	-7711	-5783
2093	-7752	-5779
1982	-7785	-5770
1880	-7838	-5795
1850	-7860	-5847
1977	-7861	-5782
2053	-7853	-5705
2062	-7881	-5693
1942	-7859	-5866
1804	-7901	-5836
1807	-7912	-5726
1927	-7867	-5686
1912	-7836	-5745
1842	-7898	-5791
1797	-7848	-5874
1739	-7836	-5814
1709	-7908	-5825
1748	-7876	-5841
1859	-7879	-5738
1944	-7894	-5634
1818	-7921	-5723
1673	-7847	-5897
1568	-7908	-5761
1556	-7843	-5741
1617	-7862	-5697
1622	-7828	-5812
1416	-7916	-5778
1263	-7936	-5925
1161	-7943	-5976
1130	-7883	-6028
1266	-7871	-5833
1302	-7829	-5910
1237	-7906	-5886
1243	-7923	-5856
1145	-7858	-5866
978	-7958	-5780
1029	-7868	-5862
1042	-7898	-5982
997	-7910	-5790
978	-7968	-5752
914	-8048	-5778
966	-8041	-5873
887	-8069	-5836
859	-8042	-5735
788	-8037	-5825
758	-8015	-5813
873	-8008	-5636
837	-8071	-5672
807	-8107	-5641
750	-8065	-5731
726	-8044	-5798
756	-8045	-5752
688	-8072	-5751
635	-8095	-5695
639	-8070	-5798
677	-8092	-5701
788	-8075	-5737
681	-8153	-5702
642	-8091	-5812
568	-8176	-5857
622	-8241	-5732
602	-8222	-5558
575	-8212	-5449
518	-8256	-5403
379	-8222	-5481
314	-8049	-5579
330	-7972	-5445
396	-7982	-5487
295	-8200	-5315
361	-8256	-5358
370	-8071	-5345
400	-7831	-5779
163	-8005	-5755
305	-8029	-5718
332	-8180	-5618
293	-8197	-5691
421	-8204	-5676
310	-8299	-5717
206	-8333	-5872
134	-8386	-5844
105	-8303	-5792
164	-8216	-5708
246	-8177	-5694
252	-8084	-5625
386	-7970	-5743
384	-7856	-6009
306	-7817	-6252
220	-7948	-6411
92	-8025	-6022
17	-8121	-5887
117	-7986	-5893
188	-7901	-5810
254	-7773	-5999
267	-7681	-6128
291	-7585	-6316
200	-7449	-6573
177	-7500	-6504
210	-7519	-6287
238	-7514	-6298
227	-7549	-6417
319	-7585	-6402
302	-7581	-6447
256	-7543	-6625
243	-7476	-6757
254	-7555	-6596
415	-7466	-6619
233	-7385	-6727
384	-7385	-7076
264	-7363	-7011
488	-7298	-6807
420	-7295	-6799
352	-7230	-6808
313	-7201	-6774
356	-7018	-6793
288	-6882	-7069
364	-6811	-7024
376	-6813	-7030
238	-6807	-7091
251	-6753	-7139
231	-6737	-7207
369	-6754	-7112
300	-6740	-7262
361	-6676	-7333
234	-6615	-7494
374	-6643	-7413
424	-6649	-7486
372	-6623	-7631
385	-6534	-7664
385	-6370	-7622
473	-6288	-7648
465	-6240	-7681
438	-6246	-7787
441	-6184	-7742
406	-6120	-7787
480	-6053	-7802
491	-6024	-7835
418	-6026	-7978
435	-6020	-7958
450	-5944	-8024
478	-5857	-8005
501	-5740	-8129
609	-5697	-8077
626	-5717	-8098
573	-5685	-8136
687	-5616	-8173
760	-5530	-8230
821	-5544	-8153
682	-5515	-8311
635	-5476	-8433
717	-5364	-8416
869	-5284	-8402
872	-5281	-8506
896	-5299	-8605
1040	-5284	-8566
1179	-5264	-8243
1251	-5119	-8236
1169	-4991	-8420
1174	-4992	-8499
1244	-4970	-8404
1266	-4949	-8402
1396	-4963	-8382
1477	-4965	-8566
1577	-4959	-8654
1574	-4960	-8671
1589	-4903	-8630
1582	-4890	-8711
1670	-4862	-8731
1729	-4823	-8699
1584	-4757	-8662
1715	-4696	-8723
1738	-4581	-8509
818	-4362	-7837
1048	-4358	-8343
1497	-4410	-8491
1709	-4445	-8581
1865	-4447	-8484
1824	-4428	-8593
1861	-4342	-8718
1931	-4311	-8689
2017	-4330	-8684
2118	-4353	-8637
2091	-4297	-8829
2223	-4290	-8702
2189	-4212	-8759
2172	-4147	-8870
2183	-4122	-8862
2198	-4182	-8881
2256	-4129	-8981
2250	-4127	-8938
2285	-4069	-8889
2297	-4038	-8755
2244	-4018	-8624
2188	-3993	-8763
2305	-3938	-8928
2347	-4039	-8872
2424	-4286	-8723
2638	-4207	-9015
2326	-4051	-9134
2342	-3960	-9078
2577	-3888	-9014
2657	-3826	-8944
2614	-3839	-8883
2619	-3872	-8933
2684	-3777	-9097
2735	-3690	-9017
2836	-3649	-8970
2789	-3676	-9024
2732	-3625	-9079
3027	-3211	-9156
3039	-3375	-8824
3061	-3442	-8762
2959	-3462	-8909
2997	-3518	-8836
3152	-3504	-8684
3394	-3448	-8531
3443	-3407	-8606
3470	-3358	-8861
3314	-3351	-9013
3501	-3355	-8901
3841	-3267	-8611
3899	-3264	-8462
3811	-3166	-8636
3716	-3148	-8811
3847	-3166	-8826
3851	-3234	-8744
3972	-3236	-8499
4111	-3232	-8417
4342	-3087	-8657
4434	-2981	-8742
4435	-3009	-8709
4526	-3079	-8508
4623	-3076	-8350
4564	-3047	-8356
4575	-2945	-8370
4567	-2904	-8420
4644	-2901	-8362
4739	-2832	-8341
4773	-2806	-8335
4746	-2784	-8339
4737	-2804	-8415
4765	-2855	-8305
4739	-2887	-8233
4763	-2758	-8270
4724	-2722	-8288
4764	-2818	-8171
4821	-2775	-8148
4654	-2705	-8261
4546	-2614	-8421
4774	-2571	-8389
5068	-2594	-8325
5173	-2650	-8231
5273	-2633	-8167
5369	-2604	-8094
5331	-2587	-8138
5285	-2568	-8078
5303	-2478	-8117
5373	-2462	-8036
5551	-2430	-7960
5464	-2395	-8008
5395	-2373	-8036
5370	-2434	-7979
5509	-2428	-7950
5711	-2451	-7751
5856	-2397	-7723
5918	-2382	-7749
5841	-2358	-7843
5705	-2415	-7780
5669	-2417	-7713
5762	-2374	-7639
5933	-2263	-7705
6076	-2208	-7684
6106	-2204	-7587
6048	-2231	-7556
6027	-2228	-7607
6118	-2162	-7635
6197	-2170	-7536
6280	-2143	-7481
6295	-2054	-7525
6202	-2058	-7620
6107	-2087	-7665
6120	-2041	-7675
6191	-2007	-7591
6228	-2004	-7522
6254	-1995	-7498
6301	-1956	-7518
6348	-1940	-7487
6370	-1872	-7466
6366	-1859	-7443
6404	-1877	-7423
6508	-1856	-7415
6577	-1807	-7402
6537	-1789	-7383
6488	-1752	-7356
6414	-1736	-7420
6394	-1747	-7458
6457	-1714	-7457
6584	-1655	-7352
6629	-1662	-7279
6637	-1663	-7282
6627	-1671	-7307
6698	-1608	-7405
6767	-1518	-7452
6876	-1503	-7345
7115	-1474	-7079
7145	-1386	-7022
6911	-1356	-7095
6608	-1431	-7205
6612	-1478	-7094
6913	-1363	-6911
7290	-1235	-6678
7338	-1122	-6711
7051	-1157	-6877
6814	-1247	-6953
6836	-1235	-6900
7097	-1118	-6784
7308	-1012	-6646
7269	-1029	-6570
7206	-1076	-6543
7201	-1030	-6643
7329	-1054	-6527
7510	-1012	-6414
7672	-915	-6391
7727	-889	-6359
7683	-939	-6296
7707	-938	-6228
7825	-908	-6203
8083	-843	-6032
8204	-743	-6071
8093	-736	-6051
7862	-746	-6048
7803	-765	-5958
7879	-695	-5822
7964	-671	-5691
8055	-700	-5538
8250	-672	-5390
8430	-543	-5384
8410	-569	-5282
8218	-698	-5090
8267	-465	-5401
8459	-499	-5245
8400	-532	-5139
8482	-479	-5142
8511	-524	-5008
8489	-538	-5044
8580	-554	-4946
8659	-483	-4987
8686	-472	-5045
8690	-521	-4932
8684	-501	-4914
8615	-462	-4971
8578	-458	-4968
8610	-479	-4917
8697	-439	-4852
8800	-427	-4784
8813	-427	-4715
8735	-407	-4712
8543	-460	-4761
8482	-500	-4767
8642	-492	-4666
8773	-442	-4660
8824	-426	-4634
8880	-480	-4571
8899	-504	-4384
8970	-483	-4325
8892	-460	-4394
8889	-415	-4450
9009	-402	-4303
9038	-432	-4142
8965	-478	-4004
8918	-498	-3881
8927	-508	-3797
9014	-367	-4004
9080	-313	-3995
9155	-363	-3907
9260	-353	-3808
9339	-345	-3903
9301	-401	-3729
9166	-416	-3621
9089	-420	-3575
9364	-292	-3439
9283	-308	-3408
9279	-299	-3615
9076	-370	-3455
9213	-369	-3402
9185	-346	-3309
9301	-314	-3382
9324	-409	-3341
9445	-388	-3276
9352	-421	-3236
9272	-395	-3358
9331	-380	-3357
9439	-366	-3265
9400	-410	-3197
9333	-428	-3210
9353	-538	-3058
9468	-523	-2996
9400	-532	-2778
9481	-496	-2910
9510	-505	-2822
9467	-518	-2885
9353	-514	-2913
9382	-501	-2911
9382	-478	-2932
9373	-591	-2782
9446	-647	-2612
9468	-661	-2627
9546	-571	-2681
9614	-599	-2648
9646	-642	-2559
9629	-710	-2494
9562	-741	-2448
9679	-760	-2410
9766	-726	-2417
9780	-730	-2452
9730	-841	-2312
9638	-907	-2293
9548	-895	-2305
9537	-900	-2241
9583	-931	-2226
9628	-1000	-2151
9581	-1070	-2076
9544	-1067	-2109
9572	-1042	-2143
9662	-1079	-2077
9683	-1163	-2016
9545	-1253	-2038
9571	-1262	-2016
9616	-1243	-2016
9657	-1273	-1985
9672	-1328	-1904
9628	-1382	-1822
9612	-1406	-1799
9714	-1396	-1776
9716	-1410	-1846
9734	-1486	-1790
9722	-1548	-1752
9701	-1523	-1779
9667	-1515	-1797
9664	-1573	-1779
9627	-1658	-1752
9573	-1721	-1718
9560	-1719	-1736
9578	-1738	-1743
9591	-1815	-1735
9586	-1879	-1705
9536	-1929	-1670
9540	-1925	-1684
9606	-1966	-1677
9643	-2034	-1694
9539	-2134	-1680
9426	-2216	-1694
9461	-2261	-1638
9507	-2218	-1676
9535	-2223	-1740
9521	-2333	-1662
9504	-2427	-1580
9497	-2457	-1571
9526	-2554	-1471
9505	-2569	-1428
9471	-2579	-1507
9430	-2608	-1503
9435	-2686	-1446
9415	-2760	-1441
9427	-2824	-1430
9353	-2880	-1399
9313	-2900	-1432
9386	-2940	-1363
9430	-3026	-1286
9441	-3038	-1299
9341	-3066	-1324
9199	-3120	-1226
9199	-3214	-1129
9331	-3286	-1066
9367	-3359	-1071
9276	-3393	-1021
9209	-3418	-917
9093	-3438	-863
9167	-3484	-786
9240	-3560	-740
9203	-3646	-675
9090	-3715	-596
9003	-3691	-530
9037	-3665	-609
9116	-3728	-535
9161	-3811	-517
9146	-3885	-446
9170	-3934	-416
9083	-3928	-432
9033	-3927	-437
9048	-3905	-399
9119	-3938	-338
9138	-3989	-251
9100	-4060	-249
9071	-4083	-218
9062	-4071	-188
9061	-4077	-143
9063	-4097	-78
9019	-4096	-105
8945	-4179	-12
8928	-4257	70
8935	-4267	54
8959	-4226	36
8995	-4225	65
8975	-4282	122
8838	-4329	136
8822	-4336	156
8860	-4319	212
8932	-4329	278
8908	-4390	344
8860	-4495	414
8837	-4485	431
8824	-4466	419
8781	-4456	429
8852	-4427	514
8833	-4480	586
8818	-4530	602
8761	-4565	648
8743	-4530	695
8724	-4521	723
8732	-4544	746
8707	-4532	756
8729	-4524	817
8707	-4524	854
8686	-4527	856
8670	-4549	823
8698	-4583	884
8712	-4593	909
8731	-4584	929
8762	-4603	988
8765	-4630	996
8776	-4657	1024
8807	-4653	1007
8774	-4669	1040
8734	-4658	1048
8637	-4637	1116
8674	-4601	1159
8661	-4622	1193
8719	-4639	1191
8656	-4657	1197
8564	-4606	1173
8574	-4594	1301
8682	-4572	1357
8633	-4624	1329
8454	-4655	1327
8318	-4633	1382
8341	-4602	1401
8452	-4594	1455
8622	-4605	1545
8688	-4655	1559
8657	-4719	1616
8606	-4762	1721
8637	-4735	1780
8652	-4662	1797
8656	-4642	1840
8601	-4598	1864
8497	-4576	1886
8519	-4571	2005
8587	-4532	2090
8583	-4505	2152
8540	-4498	2183
8457	-4464	2199
8466	-4428	2255
8556	-4438	2364
8634	-4460	2424
8570	-4533	2447
8500	-4558	2446
8502	-4517	2431
8527	-4463	2400
8531	-4471	2423
8528	-4514	2501
8524	-4581	2560
8428	-4558	2537
8386	-4479	2521
8418	-4415	2646
8439	-4368	2738
8398	-4359	2675
8384	-4387	2664
8402	-4404	2777
8513	-4341	2749
8551	-4317	2712
8545	-4316	2757
8518	-4280	2736
8493	-4249	2818
8487	-4221	2865
8471	-4222	2954
8477	-4160	2968
8488	-4126	2946
8441	-4116	3060
8441	-4095	3180
8453	-4126	3296
8442	-4140	3237
8454	-4123	3217
8475	-4054	3240
8482	-4043	3335
8388	-4014	3485
8415	-3935	3519
8392	-3908	3506
8293	-3950	3593
8294	-3921	3574
8315	-3868	3590
8364	-3856	3676
8344	-3859	3799
8313	-3824	3791
8260	-3726	3793
8333	-3688	3888
8380	-3616	3944
8359	-3546	3948
8328	-3533	3935
8289	-3460	3948
8323	-3393	3981
8416	-3353	4088
8426	-3299	4198
8352	-3257	4257
8279	-3179	4182
8317	-3091	4186
8422	-3034	4269
8456	-2988	4274
8425	-3004	4303
8375	-2929	4344
8410	-2852	4359
8426	-2774	4454
8489	-2769	4399
8421	-2746	4459
8430	-2714	4490
8502	-2620	4503
8557	-2529	4533
8494	-2521	4474
8416	-2595	4495
8380	-2561	4491
8421	-2503	4491
8481	-2444	4479
8502	-2415	4520
8514	-2375	4552
8473	-2276	4525
8473	-2219	4577
8493	-2220	4593
8514	-2221	4617
8605	-2226	4666
8628	-2122	4604
8602	-2072	4576
8545	-2054	4610
8514	-2027	4633
8602	-1917	4579
8585	-1900	4505
8527	-1886	4561
8467	-1871	4593
8498	-1816	4620
8577	-1762	4581
8587	-1766	4587
8565	-1736	4650
8521	-1728	4683
8543	-1667	4766
8580	-1599	4785
8623	-1595	4743
8569	-1600	4693
8539	-1550	4669
8575	-1487	4716
8583	-1420	4753
8599	-1388	4764
8608	-1330	4839
8667	-1247	4705
8578	-1153	4719
8649	-1089	4712
8594	-1055	4641
8672	-926	4775
8720	-833	4857
8609	-810	4823
8624	-796	4697
8629	-811	4692
8762	-688	4695
8768	-527	4804
8698	-425	4822
8674	-358	4790
8668	-333	4709
8677	-381	4672
8694	-343	4697
8727	-292	4735
8622	-195	4720
8589	-74	4722
8600	-11	4710
8653	0	4678
8630	96	4708
8621	211	4722
8661	331	4763
8708	368	4810
8739	338	4810
8670	406	4777
8668	515	4699
8638	603	4676
8645	697	4679
8765	785	4739
8792	813	4689
8756	822	4658
8671	845	4638
8651	862	4595
8709	872	4562
8810	918	4604
8805	922	4595
8791	851	4577
8798	806	4546
8760	869	4525
8795	983	4462
8747	1008	4453
8773	1059	4397
8813	1116	4413
8894	1221	4396
8964	1241	4386
8846	1259	4288
8772	1275	4193
8697	1320	4261
8876	1357	4245
8989	1439	4239
8996	1439	4130
8881	1390	4029
8780	1455	4017
8779	1444	4072
8764	1443	4045
8818	1499	3998
8872	1636	4045
8737	1854	4085
9109	2111	3615
8875	2098	3861
8968	2033	3797
9049	2030	3791
9079	2107	3772
9094	2109	3727
9029	2133	3692
8992	2122	3624
8979	2130	3583
8957	2221	3552
8836	2385	3483
8902	2410	3504
8847	2441	3412
8808	2517	3472
8836	2639	3409
8956	2762	3438
8988	2756	3473
8911	2715	3491
8891	2775	3426
8883	2947	3389
8845	3058	3321
8914	2948	2850
8772	2948	2956
8699	3027	3133
8846	3127	2998
8825	3227	3048
8919	3369	3057
8843	3394	3142
8642	3323	3076
8624	3327	3069
8748	3483	3069
8878	3705	2914
8924	3864	2945
8844	3809	2855
8690	3722	2906
8646	3696	2873
8683	3796	2694
8702	3931	2668
8605	3998	2755
8569	3964	2688
8428	3983	2696
8487	4075	2662
8511	4160	2623
8584	4126	2593
8539	4079	2627
8474	4146	2629
8432	4287	2582
8416	4506	2564
8451	4598	2484
8415	4671	2440
8516	4766	2344
8396	4935	2313
8427	5067	2238
8312	5048	2204
8276	4972	2030
8106	4907	2221
8264	4951	2069
8180	5081	2118
8293	5180	2008
8226	5265	2162
8195	5210	2141
8150	5118	1997
8053	5137	1947
8125	5226	1810
8155	5338	1789
8174	5367	1544
8091	5427	1523
8047	5479	1663
8089	5503	1677
7921	5503	1839
7928	5489	1833
8030	5374	1823
8034	5580	1874
8002	5804	1825
7898	5907	1686
7938	5947	1405
7926	6030	1441
7804	6035	1385
7849	5997	1434
7780	6030	1451
7745	6091	1501
7759	6114	1386
7814	6069	1299
7799	5975	1257
7764	5923	1260
7583	5937	1576
7460	6029	1600
7454	6105	1481
7564	6105	1336
7705	6100	1300
7842	6123	1247
7701	6112	1207
7517	6145	1212
7456	6253	1242
7486	6329	1287
7498	6342	1312
7499	6347	1381
7496	6402	1459
6934	6758	1943
7046	6801	1863
7375	6743	1544
7497	6710	1336
7358	6647	1228
7182	6583	1285
7126	6571	1188
7217	6536	994
7001	6703	1254
6868	6870	1716
7024	7025	1659
7054	7071	1361
7118	7141	993
7050	7163	929
7019	7207	996
6920	7190	1161
6827	7144	1263
6712	7226	1464
6608	7342	1532
6663	7207	1110
6280	7165	1106
6233	6997	1197
6297	7071	1231
6407	7311	1301
6432	7523	1414
6407	7703	1576
6418	7735	1595
6168	7652	1427
5854	7425	1024
5907	7366	953
5982	7522	1352
6089	7709	1607
5984	7843	1622
5682	7759	1472
5589	7771	1113
5568	7906	906
5641	8141	914
5686	8322	1203
5624	8332	1381
5475	8140	1185
5404	8097	992
5362	8128	941
5350	8247	971
5297	8301	1003
5138	8232	856
5023	8278	699
5028	8435	653
5032	8655	746
4957	8737	761
4879	8617	620
4802	8508	530
4737	8568	508
4687	8780	554
4617	8799	587
4506	8673	503
4395	8658	462
4379	8780	300
4293	8920	264
4313	9031	356
4333	9112	446
4183	8903	307
4114	8809	195
4041	8881	272
4029	9013	210
3978	9153	179
3941	9187	191
3858	9080	194
3822	8991	97
3714	9046	75
3685	9142	-7
3628	9279	-14
3625	9296	58
3661	9304	205
3628	9148	133
3526	9060	44
3531	9150	6
3519	9235	6
3459	9245	6
3362	9151	-73
3327	9088	-102
3336	9119	-105
3299	9248	-99
3277	9374	-145
3225	9446	-159
3173	9388	-153
3098	9357	-133
3052	9441	-162
3032	9513	-151
3100	9553	-224
3072	9431	-154
3066	9234	-196
3009	9180	-240
2970	9280	-290
2915	9460	-287
2898	9524	-270
2935	9412	-318
2915	9357	-422
2946	9132	-285
2861	9192	-352
2713	9319	-268
2657	9460	-217
2625	9489	-106
2630	9510	-151
2617	9489	-333
2682	9590	-521
2630	9589	-313
2523	9536	-14
2392	9526	-81
2345	9573	-285
2367	9626	-427
2402	9480	-353
2390	9525	-313
2342	9566	-190
2255	9567	-97
2255	9583	-138
2192	9764	-185
2094	9852	-194
1996	9770	-190
2001	9563	-151
1962	9492	-237
1797	9529	-319
1818	9714	-409
1646	9795	-261
1541	9692	-406
1527	9658	-493
1529	9728	-473
1736	9954	-377
1449	9979	-281
1368	9744	-293
1376	9593	-217
1395	9665	-172
1422	9909	-241
1374	9981	-284
1274	9983	-227
1065	9867	-202
981	9735	-191
961	9593	-295
920	9626	-363
950	9759	-498
863	9691	-509
878	9426	-464
752	9410	-166
657	9627	-131
631	9911	-208
624	9920	-375
517	9695	-264
435	9571	-243
473	9705	-134
501	9860	-266
367	10009	-300
418	10164	-333
235	10114	-253
118	10022	-271
0	10005	-462
474	9755	-669
480	9531	-554
246	9652	-291
-24	9746	-218
-122	9748	-150
31	9682	-252
5	9713	-202
-107	9837	-124
-250	10048	-181
-312	9873	-192
-194	9604	-246
-159	9677	-155
26	9780	-187
91	9880	-423
-294	9753	-100
-191	9606	-176
-279	9631	-41
-382	9686	46
-301	9740	-23
-220	9926	-71
-239	10026	100
-238	9969	104
-157	9831	47
-157	9817	115
-179	9797	147
-112	9875	170
-73	9838	158
-120	9821	137
-231	9820	143
-366	9751	141
-427	9733	141
-275	9828	171
-183	9942	156
-303	10091	190
-467	10306	267
-444	10181	185
-182	9651	174
31	9305	249
20	9416	316
-198	9743	350
-339	9946	404
-368	9877	368
-463	9820	420
-602	9910	539
-644	10054	383
-616	10062	249
-504	10107	276
-338	9846	299
-354	9680	265
-482	9744	262
-513	9873	249
-349	9844	152
-202	9779	227
-337	9814	404
-515	9759	431
-729	9688	313
-742	9718	351
-667	9645	323
-386	10235	720
-503	10027	217
-526	10086	639
-417	9973	552
-656	9777	313
-457	9906	491
-589	9798	477
-643	9710	493
-710	9588	436
-680	9683	348
-522	9862	367
-522	9870	416
-522	9773	458
-605	9622	511
-648	9560	508
-506	9745	531
-341	10017	487
-351	9966	427
-484	9715	415
-562	9578	407
-428	9754	425
-312	9894	390
-301	9875	389
-385	9727	312
-304	9804	237
-252	9901	204
-211	9893	244
-217	9833	289
-202	9728	393
-302	9758	259
-95	9905	337
-65	9904	332
-48	9766	656
-19	9730	602
-271	9670	715
-620	9712	1007
-194	9726	545
-269	9707	1162
-570	9751	1198
-150	9788	687
-316	9850	483
-200	9852	533
-8	9823	393
-72	9790	574
-82	9802	583
15	9799	489
-57	9805	530
-13	9808	454
-32	9828	425
-24	9814	410
-11	9836	313
-50	9850	321
-34	9849	309
-29	9826	380
-55	9814	455
-35	9820	444
-42	9836	406
-23	9851	347
-20	9840	307
-16	9836	297
-22	9816	333
8	9799	1121
-187	9683	1033
300	9683	293
-122	9722	595
-152	9754	557
56	9782	314
-91	9808	373
-72	9828	225
70	9795	309
-156	9814	511
-102	9828	390
44	9836	239
-100	9836	388
-22	9817	359
-6	9798	405
-51	9777	493
10	9796	432
-32	9811	408
-9	9822	421
-56	9831	409
-58	9834	420
13	9830	376
-31	9824	375
-9	9838	300
-32	9846	267
-36	9848	235
-5	9840	236
-24	9832	251
-1	9819	276
0	9820	321
0	9814	339
-31	9813	374
156	9759	431
123	9775	388
56	9802	346
1	9826	263
19	9841	192
-12	9849	205
-2	9837	190
48	9752	423
-5	9760	410
0	9777	340
-16	9788	364
-21	9799	369
-204	9841	307
-112	9835	200
-259	9842	406
-78	9822	236
-261	9836	169
182	9769	354
193	9781	256
132	9803	204
-2	9783	382
66	9757	365
-9	9794	334
-3	9805	329
140	9827	153
-78	9824	346
15	9844	197
-11	9859	195
-56	9866	293
-9	9839	229
-28	9817	283
-199	9853	158
280	9937	295
87	10051	586
-4	10176	237
80	10122	317
52	10624	381
-326	10778	753
-689	10707	973
-329	10424	275
-280	9897	119
-393	9967	273
-816	10402	282
-832	9851	282
-979	9879	711
-1139	10333	845
-1056	10626	98
-1848	10507	407
-1950	10670	637
-1543	10294	480
-1338	10215	588
-1285	10546	397
-1205	10275	-98
-1684	10065	254
-1132	10132	-268
-933	9672	-270
-1505	9428	88
-1912	9344	288
-1723	9758	462
-1737	9552	465
-2430	9786	967
-1983	9970	194
-2145	10198	353
-2697	9908	529
-2266	9853	67
-2444	9569	256
-2713	9696	879
-2432	10249	872
-2442	10382	956
-2262	9307	1068
-1706	9174	758
-1970	8698	730
-2396	9025	637
-2202	8691	543
-2290	9309	971
-2426	9093	846
-2415	8419	711
-3162	8498	1381
-2935	8750	1197
-2910	9541	1054
-2876	9190	753
-3127	9201	842
-3215	8817	875
-2999	9187	777
-3244	9736	840
-3285	9691	803
-3526	9223	749
-3534	9122	803
-3188	9694	499
-3601	9809	447
-3897	9669	-100
-3997	9419	341
-4048	8970	988
-3754	9317	920
-3566	9208	560
-4007	9048	1047
-3722	8500	1128
-3571	8704	753
-3564	8999	693
-3932	9381	885
-3903	9131	1028
-3561	8840	939
-3764	8853	1060
-3859	8911	750
-3754	9027	539
-3931	9110	595
-4260	8897	937
-4062	9178	505
-4175	9316	140
-4670	9363	764
-4122	9017	452
-4309	8939	618
-4361	9072	997
-3805	8787	688
-4288	8953	1208
-3956	8748	1272
-4155	8741	995
-4208	8722	1254
-4040	8614	717
-4492	8667	1193
-4425	8501	1052
-4570	8237	1348
-3554	8229	195
-4279	8526	724
-4695	8590	950
-4185	8632	555
-4511	8509	1017
-4724	8345	1337
-4596	8325	1227
-4739	8454	1352
-4472	8714	1401
-4536	8567	998
-4909	8523	1559
-4792	8441	1443
-4598	8331	1339
-3568	7691	765
-4321	7459	1553
-4816	7825	1959
-4403	7587	1385
-5175	9001	1226
-5462	8804	1886
-4615	8648	1453
-4845	8713	1881
-4670	8546	1834
-4669	8540	1986
-4562	8456	2021
-4540	8428	1949
-4505	8508	1893
-4514	8529	1795
-4530	8492	1727
-4590	8478	1712
-4604	8532	1784
-4862	8923	1696
-4664	8457	1081
-5192	8223	1598
-4726	8282	1502
-4752	8428	1831
-4650	8494	1893
-4634	8490	1767
-4629	8452	1693
-4587	8451	1689
-4607	8457	1724
-4585	8412	1747
-4628	8329	1864
-4637	8316	1918
-4596	8406	1921
-4526	8474	1880
-4542	8413	2020
-4523	8349	2170
-4580	8296	2273
-4358	8038	2162
-4174	8701	1547
-4342	8461	1850
-4292	8513	1747
-4971	8407	2259
-4636	8338	2105
-4721	8288	2318
-4594	8314	2322
-4598	8358	2304
-4652	8357	2664
-4451	8372	2649
-4392	8812	2456
-4945	9008	3346
-4677	8701	2947
-4704	8255	2539
-4991	7928	2605
-5126	8005	2853
-3547	7114	376
-4448	7323	1375
-3666	6856	1878
-5761	5884	5553
-5474	6821	4613
-4973	7447	3818
-4896	7742	3437
-4774	7914	3214
-4563	8075	2874
-4688	8120	2655
-4846	7984	2572
-4724	8078	2521
-4498	7967	2164
-4376	8251	1835
-4399	8292	1902
-4390	8302	1958
-4455	8452	2070
-4596	8510	2111
-4654	8566	2133
-4725	8143	2179
-4704	8106	2217
-4281	8379	1893
-4050	8687	1878
-4122	8529	1840
-4526	8626	2146
-4621	8532	2638
-4623	8419	2220
-4361	7574	2111
-4442	6253	2351
-5979	8581	2399
-5357	7549	2784
-5140	7728	2390
-4875	7923	2100
-4835	8021	1999
-4662	8243	1780
-4666	8373	1594
-4607	8400	1543
-4583	8396	1564
-4548	8465	1461
-4459	8599	1306
-4443	8660	1166
-4443	8590	1189
-4461	8538	1147
-4445	8612	970
-4378	8722	789
-4350	8762	671
-4283	8775	709
-4225	8810	652
-4215	8858	468
-4185	8898	320
-4171	8900	276
-4141	8911	200
-4086	8994	205
-4013	9081	186
-3994	9178	20
-3943	9273	-44
-3924	9274	2
-3969	9176	101
-4031	9072	140
-4052	9047	64
-4110	9053	-82
-4092	9050	-158
-4126	8923	81
-4202	8842	234
-4263	8806	212
-4195	8885	214
-4215	8900	304
-4319	8802	320
-4372	8698	480
-4500	8606	550
-4552	8498	534
-4629	8474	427
-4636	8506	434
-4560	8596	457
-4038	9067	-38
-4170	8836	29
-4410	8782	212
-4408	8714	168
-4572	8631	159
-4594	8606	-22
-4694	8593	-25
-4752	8543	-78
-4820	8488	-89
-4886	8459	-222
-4909	8475	-409
-4959	8470	-556
-5007	8464	-676
-5076	8363	-645
-5138	8276	-660
-5204	8204	-745
-5246	8158	-763
-5310	8096	-807
-5363	8063	-931
-5392	8027	-878
-5414	8015	-941
-5495	8040	-1037
-5274	8098	-1044
-5356	8022	-924
-5358	8081	-1012
-5325	8142	-1082
-5289	8190	-1158
-5276	8180	-1177
-5282	8173	-1248
-5242	8205	-1261
-5242	8194	-1240
-5230	8195	-1346
-5229	8210	-1335
-5257	8222	-1416
-5271	8209	-1533
-5339	8088	-1524
-5357	8002	-1482
-5280	8112	-1430
-5291	8047	-1553
-5278	8042	-1643
-5377	7913	-1838
-5489	7846	-1943
-5353	7948	-1930
-5397	7845	-2164
-5511	7849	-2194
-5488	7886	-2289
-5410	7923	-2391
-5374	7970	-2346
-5382	7943	-2314
-5369	7896	-2333
-5400	7820	-2472
-5402	7899	-2511
-5338	7910	-2460
-5329	7906	-2473
-5302	7872	-2352
-5790	7665	-2380
-5727	7599	-2821
-5874	7733	-2574
-5734	7727	-2831
-5599	7693	-2934
-5521	7735	-2728
-5465	7709	-2703
-5539	7606	-2743
-5623	7562	-2771
-5712	7459	-2891
-5680	7356	-3124
-5717	7345	-3192
-5795	7379	-3116
-5652	7402	-3296
-5468	7429	-3412
-5569	7422	-3248
-5571	7367	-3082
-5475	7380	-2944
-5583	7380	-2988
-5627	7261	-3124
-5812	7196	-3086
-5794	6984	-3143
-4835	7005	-4379
-5198	7141	-4359
-5121	7160	-4185
-5528	7233	-3749
-5427	7273	-3760
-5495	7328	-3660
-5586	7372	-3540
-5583	7363	-3593
-5579	7343	-3541
-5598	7326	-3519
-5598	7340	-3490
-5602	7304	-3497
-5674	7242	-3471
-5706	7181	-3472
-5650	7153	-3554
-5530	7175	-3634
-5755	7151	-3502
-5795	7110	-3599
-5868	7090	-3699
-5784	7158	-3790
-5439	7234	-3892
-5492	7247	-3705
-5690	7267	-3306
-5593	7232	-3373
-5807	7171	-3379
-5781	7173	-3567
-5831	7082	-3592
-5889	7072	-3555
-5864	7087	-3532
-5877	7061	-3420
-5886	7041	-3408
-5879	7033	-3492
-5889	6914	-3609
-5932	6933	-3541
-5877	6882	-3597
-7250	6319	-3702
-6506	7316	-4701
-6761	7103	-4011
-5916	7147	-4330
-6788	6964	-3849
-6323	7356	-4692
-7272	7021	-3930
-6965	6929	-3912
-6350	6500	-3892
-6221	6369	-4130
-6504	6246	-4052
-5588	6114	-4371
-5366	6156	-4841
-5950	5972	-4242
-7082	6119	-3444
-6395	5692	-4008
-7026	6033	-3876
-7451	5823	-4037
-7279	5856	-3918
-6386	5666	-4836
-6762	5476	-4079
-6411	5587	-4365
-6687	5611	-4276
-6664	5393	-4270
-6897	5065	-3385
-5323	5239	-4834
-6457	4956	-4018
-6224	5135	-4686
-6792	5091	-4264
-6604	4991	-4602
-6345	4905	-4336
-7114	5175	-3936
-7084	5072	-4036
-6161	4894	-4331
-7387	5190	-4115
-5873	4955	-5010
-6208	4852	-5651
-6332	4729	-5246
-5943	4194	-5174
-7248	3966	-4027
-8344	4109	-3655
-8916	3822	-2803
-9763	3914	-2364
-9938	4358	-3341
-9047	4626	-3922
-8823	4518	-3757
-8102	4371	-4197
-8440	4348	-3916
-6526	4609	-5571
-7993	4090	-3740
-9804	4078	-2792
-8529	4010	-3438
-8238	4314	-2481
-7164	4288	-3112
-7184	4003	-2713
-7067	4196	-3771
-6624	3751	-4383
-7487	3366	-3923
-7749	3137	-3726
-7215	3403	-4513
-7828	3316	-4079
-8061	3326	-3929
-8175	3335	-3858
-8080	2798	-3433
-6263	2633	-5106
-7630	2589	-3659
-6850	2769	-4978
-7334	2952	-4775
-7361	2726	-4536
-5462	2190	-5621
-5542	1783	-4417
-5963	1969	-5006
-7427	2316	-4082
-7410	2476	-4324
-7896	2597	-3938
-8280	2636	-3681
-8402	2627	-3627
-8525	2649	-3542
-8646	2688	-3434
-8715	2686	-3405
-8882	2439	-3206
-9159	2487	-3178
-9971	2682	-2578
-9578	2680	-2815
-9344	2602	-2928
-9496	2326	-2784
-8187	2158	-3223
-10397	2310	-1241
-10381	2288	-1528
-10864	2316	-1519
-10309	2309	-1972
-9610	2299	-2729
-9359	2245	-2940
-9247	2098	-2853
-9295	2069	-2829
-9459	2278	-2902
-9068	2206	-3118
-9094	2110	-2964
-9093	2021	-2922
-9384	1988	-2653
-9488	2406	-3165
-9054	2144	-3297
-8864	2103	-3604
-9127	1952	-3409
-9323	1903	-3103
-9258	1798	-2957
-9279	1675	-2809
-9202	1667	-2853
-9422	1853	-2653
-9231	1826	-2820
-9183	1684	-2803
-9296	1860	-2594
-8895	1769	-2982
-9491	1872	-3163
-9642	1789	-2811
-9408	1720	-2907
-9339	1586	-2799
-9291	1453	-2783
-9266	1323	-2740
-9360	1224	-2622
-9577	1274	-2513
-9270	1253	-2961
-9070	1225	-2848
-8794	1250	-3251
-8722	1015	-3493
-7809	952	-3727
-8663	906	-2912
-8747	886	-2729
-8697	910	-2666
-9199	926	-2325
-8897	845	-2745
-8669	781	-3041
-9092	706	-2561
-10159	470	-1606
-10141	512	-1687
-10727	676	-1112
-9814	633	-1939
-9746	628	-2111
-9946	793	-1746
-10007	418	-1584
-10149	327	-1334
-10278	343	-1332
-10045	466	-1480
-9759	541	-1677
-9512	530	-1725
-9430	484	-1695
-10088	-612	-624
-10180	-294	-709
-10255	-101	-954
-10045	96	-1087
-9863	356	-942
-9234	291	-1208
-9484	219	-1462
-9609	96	-1909
-10595	161	-1380
-10157	221	-1234
-10170	240	-888
-10143	287	-738
-10076	132	-834
-9993	45	-836
-9919	19	-818
-9900	81	-729
-9784	115	-818
-9708	99	-796
-9692	62	-724
-9755	122	-597
-9676	-72	-649
-9415	-54	-441
-9519	16	-522
-9725	31	-508
-9767	-30	-494
-9752	31	-554
-9730	72	-669
-9644	82	-619
-9653	-5	-548
-9700	-73	-539
-9726	-124	-522
-9844	-145	-357
-9704	-3	-369
-9827	-48	-395
-9773	-75	-171
-9911	-98	-107
-9865	-133	-169
-9839	-151	-212
-9814	-156	-199
-9823	-128	-161
-9776	-145	-172
-9749	-136	-193
-9707	-134	-168
-9758	-149	-166
-9753	-107	-169
-9818	-124	-76
-9847	-142	-156
-9818	-150	-232
-9797	-181	-256
-9737	-167	-295
-9765	-170	-269
-9754	-180	-254
-9743	-174	-175
-9752	-123	-65
-9715	-120	21
-9659	-132	95
-9695	-131	219
-9743	-155	275
-9784	-145	336
-9786	-162	352
-9813	-159	396
-9780	-156	390
-9738	-165	366
-9737	-154	335
-9725	-139	279
-9733	-148	273
-9744	-156	335
-9755	-149	347
-9750	-154	329
-9735	-171	291
-9761	-164	299
-9775	-159	281
-9773	-160	307
-9759	-169	302
-9750	-174	355
-9740	-179	394
-9729	-170	438
-9717	-163	503
-9701	-165	541
-9698	-158	553
-9691	-157	560
-9699	-152	498
-9722	-155	450
-9740	-151	428
-9726	-150	416
-9738	-156	382
-9742	-164	331
-9749	-168	305
-9761	-163	253
-9761	-156	256
-9758	-153	262
-9755	-151	249
-9762	-145	276
-9745	-146	312
-9735	-142	394
-9726	-154	431
-9711	-150	425
-9715	-134	463
-9714	-129	497
-9707	-125	501
-9703	-126	492
-9700	-133	477
-9683	-125	428
-9685	-131	418
-9796	-229	355
-9519	-269	188
-9575	-212	258
-9740	-202	382
-9771	-198	426
-9762	-193	442
-9729	-189	506
-9318	359	577
-8482	-11	560
-8294	339	2564
-8297	582	2570
-8237	304	1143
-5329	3133	450
-6045	1207	-2440
-7338	524	-850
-8954	1514	1077
-9569	757	857
-9740	516	748
-9770	369	633
-9693	412	744
-9735	284	1108
-9751	76	434
-9987	184	16
-9167	-286	56
-9234	-445	-552
-9258	-381	-588
-9300	-258	-298
-9493	-349	-233
-9582	-306	-339
-9606	-182	-205
-9729	564	-555
-10243	-41	-1395
-10730	127	-1227
-9620	-238	-1344
-8701	-931	-700
-9330	-911	-675
-10573	-378	-284
-10947	143	-298
-10860	256	-710
-10601	126	-1483
-10006	266	-1505
-9871	414	-1521
-9860	432	-1596
-9948	500	-1743
-9723	649	-1568
-9479	551	-1652
-9536	436	-1815
-9679	314	-1892
-9698	291	-1928
-9687	263	-1931
-9637	241	-2017
-9596	99	-2029
-9558	83	-2006
-9462	118	-2033
-9355	156	-2134
-9399	223	-2174
-9482	248	-2237
-9642	193	-2271
-9683	259	-2361
-9575	227	-2431
-9475	181	-2555
-9409	90	-2634
-9450	100	-2684
-9518	167	-2706
-9528	277	-2697
-9447	312	-2675
-9244	351	-2713
-9148	316	-2841
-9214	265	-2919
-9337	234	-3010
-9366	298	-3198
-9252	247	-3294
-9140	228	-3304
-8998	149	-3439
-8919	204	-3490
-8835	193	-3485
-8878	249	-3668
-8939	220	-3762
-9029	240	-3770
-9086	225	-3801
-9084	167	-3955
-9047	138	-3993
-9053	100	-4063
-9035	114	-4098
-8978	107	-4165
-8947	130	-4244
-8871	211	-4358
-8889	231	-4457
-8897	261	-4492
-8762	227	-4506
-8688	279	-4495
-8638	366	-4426
-8687	379	-4478
-8745	306	-4560
-8678	349	-4558
-8577	447	-4630
-8535	497	-4629
-8567	567	-4673
-8688	530	-4718
-8653	467	-4663
-8526	486	-4767
-8407	593	-4867
-8372	592	-4878
-8342	548	-4905
-8370	532	-4971
-8330	525	-5021
-8272	472	-4997
-8253	488	-5094
-8224	528	-5173
-8209	568	-5291
-8333	644	-5389
-8352	700	-5478
-8310	724	-5580
-8203	716	-5624
-8268	744	-5683
-8283	769	-5667
-8265	805	-5712
-8196	757	-5781
-8176	646	-5690
-8222	609	-5725
-8087	621	-5791
-8082	642	-5730
-8024	649	-5846
-8006	663	-5851
-7998	694	-5816
-7917	669	-5754
-7870	666	-5765
-7827	716	-5794
-7781	746	-5903
-7724	766	-5985
-7856	810	-5845
-7808	844	-5956
-7799	994	-5867
-7544	1019	-6042
-7394	955	-6185
-7454	941	-6221
-7431	970	-6314
-7518	989	-6313
-7398	1023	-6291
-7446	1110	-6218
-7335	1137	-6360
-7409	1198	-6506
-7415	1198	-6631
-7264	1261	-6683
-7306	1318	-6726
-7228	1289	-6859
-7206	1280	-6783
-7063	1252	-6780
-7174	1268	-6669
-7186	1235	-6854
-7143	1230	-6967
-7211	1205	-6808
-7128	1172	-6782
-7202	1208	-6689
-7170	1222	-6736
-7054	1208	-6740
-7036	1174	-6752
-7041	1183	-6872
-7088	1196	-6945
-7055	1264	-6976
-6919	1344	-7014
-6764	1425	-7121
-6878	1455	-7019
-6980	1516	-7133
-6895	1498	-7086
-6784	1451	-6985
-6575	1427	-7112
-6675	1406	-7106
-6618	1369	-7244
-6611	1320	-7194
-6664	1325	-7219
-6659	1391	-7373
-6625	1448	-7388
-6388	1995	-7221
-6284	1787	-7243
-6300	1744	-7231
-6307	1687	-7280
-6245	1575	-7408
-6092	1625	-7537
-6049	1629	-7588
-6079	1685	-7741
-6179	1746	-7840
-6174	1606	-7601
-6031	1645	-7685
-5946	1736	-7798
-5986	1841	-7870
-6083	1890	-7906
-6159	1843	-7886
-6004	1843	-7853
-5935	1839	-7792
-5912	1850	-7791
-5906	1913	-8010
-5800	1908	-7944
-5778	1913	-7965
-5736	1959	-7890
-5794	2001	-7872
-5786	2051	-7973
-5682	1982	-7890
-5651	2031	-7840
-5592	2062	-7771
-5553	2024	-7777
-5482	1975	-7809
-5402	1992	-7818
-5389	2039	-7913
-5439	2074	-7972
-5425	2029	-8077
-5347	2072	-8167
-5275	2089	-8237
-5141	2003	-8275
-5148	1909	-8319
-5084	1913	-8336
-5003	1918	-8404
-5068	1884	-8567
-4966	1982	-8610
-4788	2000	-8488
-4753	1945	-8467
-4820	1949	-8555
-4837	1989	-8605
-4767	1968	-8702
-4595	1911	-8714
-4440	1900	-8730
-4511	1898	-8799
-4431	1863	-8727
-4397	1866	-8720
-4270	1914	-8905
-4198	1958	-8887
-4093	1954	-8764
-3905	1947	-8662
-3993	2016	-8801
-3999	2086	-8791
-3939	2016	-8842
-3866	1807	-8839
-3676	1993	-8870
-3662	2054	-8922
-3621	1965	-8946
-3801	1708	-8975
-3833	1672	-9225
-3829	1811	-9389
-3762	1914	-9398
-3668	1848	-9346
-3663	1927	-9315
-3279	2037	-9519
-3371	2143	-8305
-3058	2293	-8903
-3227	2423	-9582
-3115	2278	-9361
-2853	2232	-9210
-2658	2357	-9131
-2711	2471	-9209
-2951	2335	-9460
-2827	2305	-9514
-2705	2215	-9400
-2745	2186	-9299
-2658	2288	-9374
-2655	2345	-9432
-2634	2356	-9382
-2670	2395	-9415
-2589	2507	-9487
-2497	2560	-9555
-2336	2476	-9332
-2232	2518	-9342
-2325	2547	-9402
-2408	2598	-9404
-2309	2616	-9347
-2126	2634	-9174
-2133	2597	-9085
-2144	2583	-9098
-2140	2627	-9230
-2140	2664	-9290
-2087	2711	-9456
-2072	2643	-9517
-1991	2528	-9486
-1881	2473	-9464
-1904	2548	-9560
-1842	2624	-9507
-1804	2647	-9491
-1830	2596	-9569
-1851	2652	-9639
-1690	2726	-9528
-1639	2670	-9366
-1619	2679	-9372
-1547	2624	-9395
-1514	2582	-9337
-1541	2637	-9411
-1540	2650	-9607
-1465	2648	-9724
-1259	2667	-9625
-1115	2550	-9430
-1189	2521	-9543
-1181	2580	-9611
-1065	2722	-9565
-918	2776	-9619
-860	2749	-9524
-810	2733	-9619
-778	2713	-9659
-783	2808	-9453
-625	2855	-9525
-552	2911	-9496
-478	2958	-9462
-345	3023	-9458
-213	3055	-9560
-80	3177	-9427
134	3216	-9417
156	3137	-9473
52	3103	-9418
67	3107	-9728
146	3337	-9851
286	3447	-9818
415	3475	-9510
516	3409	-9164
580	3507	-9074
473	3511	-9321
417	3642	-9650
536	3693	-9726
611	3682	-9421
873	3691	-9231
980	3696	-9069
1019	3753	-9095
1078	3809	-9037
1059	3904	-9041
1038	3951	-9053
1212	4030	-9029
1277	4048	-9046
1395	4046	-9018
1416	3932	-9038
1374	3863	-8997
1472	3941	-9236
1572	4008	-9215
1766	4054	-9043
1703	4060	-8902
1780	4144	-8930
1890	4227	-8888
1773	4046	-8928
1810	4078	-8866
1871	4030	-8883
1896	4097	-8700
2051	4132	-8659
2125	4140	-8578
2289	4177	-8718
2451	4191	-8719
2462	4276	-8271
2476	4404	-8823
2545	4230	-8558
2663	4272	-8535
2720	4300	-8563
2817	4308	-8629
2891	4218	-8458
2945	4200	-8446
3001	4194	-8405
3105	4210	-8521
3294	4279	-8531
3499	4258	-8409
3502	4237	-8357
3518	4240	-8380
3604	4161	-8301
3744	4300	-8288
3797	4380	-8330
3844	4435	-8252
3900	4402	-8259
3916	4335	-8184
4056	4375	-8114
4170	4425	-7988
4311	4404	-7931
4329	4338	-7729
4334	4295	-7611
4567	4177	-7672
4518	4271	-7794
4478	4386	-7877
4573	4418	-7809
4605	4348	-7781
4649	4450	-7838
4662	4494	-7822
4765	4415	-7657
4928	4327	-7437
5040	4323	-7374
5016	4277	-7452
5027	4255	-7459
5090	4288	-7399
5177	4240	-7284
5278	4176	-7245
5290	4154	-7288
5304	4091	-7362
5363	4072	-7284
5447	3997	-7134
5490	3906	-7100
5529	3846	-6959
5529	3859	-6968
5671	3705	-7018
5702	3701	-6956
5765	3734	-7084
5839	3811	-7042
5916	3779	-7095
5818	3779	-6963
5954	3729	-7038
5994	3727	-7058
6136	3737	-7105
6262	3733	-7054
6231	3685	-7065
6253	3562	-7020
6212	3518	-6995
6240	3516	-7070
6261	3499	-7027
6339	3456	-6908
6378	3395	-6898
6357	3319	-6902
6436	3276	-6834
6496	3246	-6744
6503	3176	-6767
6491	3131	-6873
6421	3031	-6935
6590	2931	-6905
6384	2951	-6706
6487	2910	-6866
6510	2840	-6980
6506	2765	-7055
6582	2672	-7031
6659	2571	-7063
6721	2508	-6987
6733	2431	-7056
6632	2283	-7031
6590	2211	-7118
6603	2170	-7086
6650	2093	-7119
6599	2036	-7134
6535	1910	-7182
6585	1887	-7097
6379	1748	-6925
6280	1795	-6139
6372	1748	-6541
6510	1652	-6781
6596	1571	-6995
6597	1636	-7019
6930	1685	-7174
6761	1510	-7304
6966	1370	-7428
6849	1166	-7557
6833	1193	-7205
6803	1201	-7092
6801	1204	-7047
6808	1128	-7166
6842	1115	-7172
6867	1092	-7221
6911	1049	-7247
6923	1005	-7246
6944	1001	-7216
6906	1020	-7173
6909	1009	-7098
6866	930	-7210
6891	864	-7201
6900	848	-7285
6916	865	-7281
6876	903	-7138
6826	893	-7067
6836	859	-7104
6814	814	-7162
6819	743	-7252
6856	697	-7235
6847	725	-7200
6865	736	-7183
6828	706	-7201
6841	642	-7187
6810	574	-7194
6762	582	-7183
6780	513	-7194
6801	459	-7291
6801	393	-7355
6826	351	-7328
6802	351	-7298
6759	292	-7287
6784	186	-7406
6799	35	-7436
6806	46	-7346
6750	34	-7376
6228	207	-6972
6583	-145	-7559
6488	-311	-7631
6217	-304	-7260
6347	-547	-7413
6105	-484	-7022
6341	-483	-7094
6577	-560	-7527
6988	-532	-7930
6161	-407	-7369
6139	-893	-7990
6240	-821	-7848
6058	-1010	-7990
6500	-999	-7799
6384	-1070	-7815
6318	-1131	-7749
6333	-1192	-7789
6273	-1355	-7881
6275	-1442	-7888
6216	-1455	-7778
6205	-1389	-7610
6214	-1418	-7528
6176	-1497	-7580
5947	-1734	-7583
5857	-1891	-7357
5924	-1829	-7549
5902	-1879	-7644
5879	-1910	-7696
5919	-1953	-7572
6026	-2008	-7545
6071	-2099	-7624
5924	-2401	-7693
5990	-2385	-7547
6112	-2369	-7672
6149	-2573	-7585
6233	-2583	-7548
6102	-2812	-7608
6028	-2802	-7538
5907	-3011	-7443
5966	-3099	-7440
6123	-3026	-7222
6062	-2965	-7323
6124	-3020	-7363
6137	-3195	-7402
6221	-3224	-7291
6113	-3400	-7289
5998	-3792	-7231
6019	-3671	-7114
6047	-3609	-7059
5924	-3683	-7072
5962	-3652	-6991
5963	-3746	-7003
5831	-3935	-6949
5948	-3864	-6823
6053	-3885	-6937
6077	-3946	-6950
6028	-3932	-6842
6047	-3912	-6650
6053	-4012	-6710
6084	-4091	-6752
5982	-4113	-6929
6056	-4202	-6839
6136	-4229	-6681
6137	-4272	-6559
6104	-4234	-6529
6139	-4276	-6501
6207	-4393	-6472
6206	-4465	-6466
6320	-4587	-6515
6088	-4516	-6618
6161	-4443	-6518
6316	-4433	-6359
6218	-4449	-6351
6096	-4643	-6471
6101	-4653	-6415
6182	-4705	-6216
6454	-4875	-5475
6168	-4968	-5812
6030	-4972	-6099
6454	-4743	-5831
6256	-4874	-6128
6241	-5105	-5773
6175	-5151	-5758
6197	-5129	-5636
6332	-5230	-5591
6298	-5538	-5356
6220	-5578	-5442
6240	-5402	-5408
6473	-5395	-4927
6566	-5797	-4825
6816	-5854	-4452
6669	-5867	-4718
6472	-5694	-5048
6442	-5554	-4907
6346	-5552	-4907
6378	-5779	-4940
6464	-5764	-4913
6401	-6018	-4904
6174	-5964	-4811
5865	-6166	-4848
6038	-6415	-4765
6228	-6523	-4764
6392	-6437	-4566
6369	-6173	-4115
6279	-6104	-4158
6299	-6165	-4195
6246	-6400	-4352
6313	-6551	-3934
6198	-6468	-3788
6276	-6348	-3688
6252	-6559	-3667
6263	-6699	-3790
6257	-6800	-3754
6298	-6689	-3485
6305	-6790	-3317
6376	-6865	-3362
6480	-6983	-3431
6582	-6925	-3378
6386	-7029	-3421
6365	-6951	-3110
6218	-6796	-3206
6239	-6784	-3116
6284	-6907	-3044
6179	-7171	-3153
6232	-7231	-3015
6212	-7246	-3012
6189	-7255	-2946
6144	-7318	-2943
6102	-7400	-2853
6161	-7511	-2877
6121	-7636	-2716
5951	-7739	-2717
5982	-7652	-2607
6153	-7602	-2272
6036	-7542	-2218
5872	-7556	-2347
5685	-7581	-2099
5538	-7709	-2251
5654	-7713	-2033
5335	-7660	-2004
5248	-8150	-2014
5432	-8078	-1924
5387	-8170	-1771
5331	-8185	-1792
5261	-8238	-1807
5546	-8161	-1632
5380	-8167	-1702
5339	-8174	-1644
5337	-8115	-1632
5342	-8054	-1611
5397	-8115	-1386
5394	-8107	-1402
5409	-8269	-1300
5213	-8045	-1289
5121	-7988	-1298
5046	-7988	-1244
5522	-8218	-1243
5551	-8066	-1245
5671	-8038	-1275
5816	-8026	-1076
5799	-8138	-1234
5797	-8085	-1075
5878	-7975	-1036
5798	-7933	-1152
5827	-7967	-1098
5893	-8000	-1132
5896	-7973	-1079
5962	-7851	-897
5935	-7899	-774
5885	-7986	-793
5874	-8110	-661
5801	-8188	-571
5606	-8149	-462
5599	-8111	-253
5479	-8187	-422
5455	-7786	-211
5720	-7709	-457
5877	-7775	-407
5785	-7862	190
5384	-7973	123
5410	-8170	81
5812	-8385	-101
5664	-8308	-77
5698	-8266	-74
5784	-8175	191
5418	-8203	147
5432	-8241	277
5386	-8319	276
5486	-8296	260
5510	-8226	285
5416	-8161	317
5308	-8157	312
5338	-8201	373
5485	-8298	391
5600	-8314	466
5602	-8318	392
5555	-8253	442
5534	-8256	389
5519	-8226	447
5379	-8192	503
5510	-8185	517
5564	-8277	450
5575	-8249	614
5543	-8213	566
5548	-8144	452
5679	-8240	480
5840	-8211	602
5879	-8178	704
6146	-8184	1009
5998	-8093	1154
5501	-8186	979
5533	-8034	894
5619	-7898	997
5716	-7725	936
5596	-7513	759
5787	-7749	649
5809	-7890	770
6017	-8171	1315
6088	-7933	1233
5887	-7884	1036
5850	-7978	1056
5757	-8026	991
5711	-7997	919
5776	-7924	1018
5748	-7828	1069
5683	-7798	922
5825	-7841	882
5854	-7998	1017
5784	-7986	883
5765	-7738	1032
5663	-7694	1181
5531	-7853	1078
5480	-8058	998
5577	-8013	786
5608	-7940	673
5498	-8032	284
5195	-8115	424
5632	-8195	421
5676	-8146	700
5581	-8091	722
5565	-8145	743
5692	-8081	955
5730	-8041	949
5546	-7936	863
5585	-7732	556
5514	-7840	766
5618	-7902	1083
5737	-7927	1221
5729	-7838	762
5740	-7483	299
5801	-7245	132
5810	-7307	335
5909	-7724	665
6043	-8147	1047
6129	-8275	1264
6166	-8061	1220
6113	-7667	833
6158	-7274	557
6261	-7271	565
6346	-7652	804
6366	-7925	1052
6333	-7886	1059
6203	-7822	652
6234	-7904	446
6611	-7864	616
6639	-7764	612
6628	-7563	740
6586	-7371	782
6537	-7265	713
6672	-7292	989
6630	-7573	907
6675	-7471	1027
6665	-7331	904
6598	-7368	731
6481	-7462	419
6460	-7376	167
6592	-7199	553
6522	-7172	1123
6024	-8140	2063
6630	-6676	1232
6768	-6759	795
6540	-7235	396
6858	-7182	590
7147	-7003	914
7205	-7236	1443
7383	-7076	1738
7277	-7117	1401
7057	-7182	1179
7166	-7429	1254
6631	-7140	1790
6744	-7162	1741
7022	-6848	1356
6844	-6825	975
6764	-6662	694
6848	-6641	512
7052	-6686	717
7246	-6846	1384
7235	-6851	1849
7323	-6785	1793
7277	-6750	1428
7244	-6811	1250
7216	-6856	1275
7238	-6840	1345
7183	-6821	1435
7153	-6872	1506
7064	-6738	1392
6998	-6538	1217
7053	-6509	1091
7125	-6575	1077
6954	-6754	1296
7221	-6847	1649
7362	-6809	1794
7348	-6657	1481
7339	-6592	1190
7393	-6542	987
7506	-6630	1129
7588	-6649	1325
7014	-6583	1458
6948	-6458	1457
6965	-6428	1438
6992	-6393	1401
7001	-6396	1399
7240	-6449	1531
7356	-6413	1434
7530	-6399	1528
7575	-6415	1610
7624	-6385	1614
7634	-6259	1496
7675	-6171	1425
7635	-6199	1411
7687	-6232	1562
7691	-6151	1482
7782	-6084	1552
7801	-6057	1387
7816	-5886	1241
7835	-5717	1294
7836	-5590	1428
7852	-5522	1443
7938	-5446	1457
8028	-5307	1397
8139	-5256	1514
8282	-5219	1553
8420	-5093	1507
8474	-4985	1483
8622	-4802	1492
8654	-4724	1475
8554	-4659	1457
8616	-4510	1427
8714	-4399	1379
8818	-4362	1374
8908	-4203	1373
8948	-3905	1268
8976	-3784	1411
8974	-3779	1559
9034	-3756	1653
9176	-3726	1727
9120	-3705	1727
8905	-3579	1481
8915	-3452	1447
9240	-3672	1876
9357	-3630	2041
9329	-3185	1388
9338	-3039	1189
9488	-2851	829
9541	-3212	975
9293	-3398	1310
8923	-3224	1378
8887	-2929	1386
9028	-2571	1194
9070	-2323	880
9268	-2191	694
9476	-2136	762
9528	-2089	794
9596	-1942	945
9763	-2073	1061
9857	-2066	854
9760	-2023	429
9724	-1981	132
9807	-1949	122
9803	-1873	235
9808	-1756	220
9862	-1595	50
9762	-1419	-185
9807	-1394	-358
9850	-1450	-287
9861	-1372	-242
9813	-1336	-211
9791	-1309	-344
9686	-1128	-602
9605	-1025	-717
9697	-1061	-743
9869	-1172	-672
9914	-1121	-727
9908	-1145	-830
9876	-1044	-971
9821	-1004	-1078
9756	-966	-1277
9663	-990	-1340
9812	-974	-1474
9798	-1045	-1441
9631	-1076	-1384
9607	-1110	-1625
9779	-982	-1789
9876	-978	-1825
9821	-881	-1961
9715	-844	-2009
9614	-874	-2138
9523	-862	-2377
9434	-839	-2545
9394	-849	-2552
9445	-783	-2831
9553	-929	-2633
9502	-948	-2438
9253	-895	-2728
9156	-878	-2914
9159	-856	-3019
9385	-828	-3070
9378	-761	-3028
9391	-691	-3134
9428	-756	-3219
9492	-726	-3362
9490	-762	-3508
9055	-663	-3470
8931	-644	-3258
9363	-571	-3623
9385	-530	-3629
9227	-369	-3802
8984	-195	-3916
8990	-186	-3788
9123	-59	-3788
9216	18	-3921
9275	124	-4007
9133	204	-4111
9042	138	-4053
9080	157	-4051
9180	270	-4088
9144	387	-4093
9054	498	-4201
9017	498	-4277
8935	564	-4234
8908	720	-4250
9019	754	-4143
9172	737	-3976
9856	342	-3785
9578	559	-3954
9163	776	-4328
9116	879	-4331
9118	954	-4165
8950	1039	-4092
8727	1160	-4083
8728	1320	-4078
8971	1344	-3885
9566	604	-3883
9289	966	-4148
8990	1070	-4067
8912	1163	-3970
8960	1303	-3959
8977	1481	-3940
8986	1620	-4037
8966	1711	-4081
9009	1731	-3936
8869	1776	-3902
8722	1823	-3997
8701	1869	-4099
8843	2004	-4025
8904	2140	-3995
8887	2202	-4034
8976	2187	-3953
8921	2224	-3930
8716	2354	-4082
8603	2422	-4201
8711	2477	-4144
8894	2575	-4101
8687	2589	-4117
8510	2597	-4261
8402	2629	-4230
8504	2781	-4214
8567	2946	-4142
8536	3059	-4109
8438	3114	-4156
8307	3057	-4222
8297	3149	-4148
8454	3255	-4146
8568	3366	-3986
8432	3447	-4074
8211	3424	-4094
8042	3474	-4150
7878	3492	-4167
7804	3582	-4114
7934	3942	-4126
8161	4110	-4215
8298	4171	-4168
8035	4094	-4230
7931	4083	-4166
7886	4243	-4151
7829	3997	-4203
7827	4227	-4151
7984	4275	-4139
7922	4891	-4124
7982	5033	-4096
8010	4685	-3974
7895	4501	-3921
7706	4612	-4079
7498	4725	-4337
7478	4788	-4368
7451	5101	-4111
7435	5231	-4033
7324	5246	-4180
7242	5169	-4317
7249	5068	-4493
7438	5125	-4571
7447	5278	-4388
7359	5400	-4330
7174	5476	-4319
7044	5488	-4420
6912	5397	-4460
6761	5376	-4510
6596	5447	-4583
6552	5503	-4584
6619	5578	-4521
6682	5590	-4426
6716	5633	-4603
6731	5621	-4726
6799	5615	-4720
6764	5581	-4606
6657	5619	-4677
6521	5704	-4721
6456	5847	-4725
6475	5898	-4650
6456	5894	-4707
6374	5814	-4789
6322	5911	-4849
6388	5958	-4771
6468	5945	-4768
6519	5833	-4789
6496	5821	-4727
6412	5913	-4661
6363	6087	-4605
6377	6164	-4499
6376	6081	-4522
6312	5986	-4636
6312	6056	-4658
6491	6149	-4375
6470	6322	-4483
6194	6382	-4564
5978	6460	-4261
5877	6677	-4143
5967	6907	-4023
6094	6813	-4003
6191	6600	-3979
6173	6508	-3973
6101	6723	-3981
6206	6960	-3743
6424	6925	-3549
6456	6902	-3649
6343	6896	-3677
6192	6997	-3561
6116	7158	-3357
6132	7305	-3293
6196	7191	-3254
6173	6951	-3191
6097	6627	-3122
5948	6823	-3081
5915	7204	-3047
5924	7468	-2904
5993	7405	-2649
6035	7315	-2474
6057	7318	-2442
6134	7536	-2365
6400	7849	-2141
6576	7761	-1784
6441	7477	-1775
6283	7271	-1979
6228	7246	-2053
6252	7619	-1713
6631	7907	-1240
6898	8101	-934
6634	7726	-1058
6206	7357	-1377
5914	7260	-1519
6037	7406	-1297
6089	7193	-750
6195	7614	-829
6283	8058	-1107
6206	8045	-897
6126	7847	-653
5878	7487	-441
5619	7302	-362
5599	7529	-205
5606	7740	-283
5783	8330	-793
6051	8127	-942
5732	7965	-806
5761	7633	-366
5711	7432	176
5722	7440	492
5741	7839	415
5808	8076	681
5848	7934	1104
5816	7668	1348
5627	8117	442
5864	8911	-226
5785	8283	382
5910	8127	898
5929	7877	1220
6017	7949	1243
5871	7661	1186
5845	7702	1084
5917	7924	989
5972	7893	1069
5936	7615	1187
5976	7506	1417
5861	7738	1430
5974	7803	1331
5942	7635	1168
5943	7462	1128
6122	7844	1222
6205	7704	1586
6332	7700	1760
6473	8089	1526
6367	7878	1698
6270	7400	1662
6146	7167	1735
6097	7168	1805
5955	7127	1441
6134	6594	2067
6068	6813	2034
6037	7203	2346
6310	7455	2215
6429	7245	1990
6333	7122	2040
6454	7111	2099
6626	7197	2172
6826	7085	2108
6790	6751	2014
6825	6446	1941
6929	6306	2010
7159	6489	2135
7387	6685	2218
7515	6688	2144
7486	6407	1939
7463	6281	1871
7487	6360	1945
7615	6438	1992
7694	6484	1838
7669	6247	1669
7565	6138	1442
7488	5873	1420
7633	5878	1343
7811	5916	1338
8021	5926	1136
8106	5691	1045
8050	5447	1099
7991	5385	1068
8052	5516	953
8155	5574	802
8275	5440	734
8329	5271	663
8315	5185	722
8326	5250	648
8400	5224	381
8541	5426	182
8579	5296	21
8530	5125	-74
8478	5012	-65
8574	5029	-149
8648	5089	-155
8787	5115	-349
8793	4899	-429
8803	4762	-398
8817	4681	-514
8769	4720	-688
8674	4599	-1114
8611	4641	-1309
8500	4576	-1326
8408	4625	-1402
8465	4698	-1414
8541	4790	-1528
8578	4865	-1790
8478	4837	-2035
8313	4845	-2198
8197	4822	-2231
8176	4827	-2223
8219	5023	-2396
8122	5078	-2713
8123	5226	-2852
8105	5278	-2807
8040	5256	-2922
7969	5248	-3058
7827	5285	-3319
7719	5309	-3515
7640	5371	-3445
7591	5501	-3426
7573	5683	-3560
7416	5693	-3890
7204	5460	-4032
7049	5362	-3902
6961	5423	-3822
6921	5617	-3934
6865	5861	-4145
6785	5963	-4320
6660	6002	-4372
6568	6047	-4367
6519	5991	-4334
6434	5967	-4447
6369	6273	-4574
6274	6424	-4701
6034	6313	-4880
5900	6100	-4771
5859	6175	-4656
5701	6616	-4988
5434	6734	-5329
5151	6534	-4935
4984	6161	-4587
4906	6221	-4629
4812	6355	-4934
4769	6778	-5243
4686	7153	-5316
4604	7305	-5272
4523	7324	-5219
4400	7461	-5245
4206	7509	-5437
4161	7405	-5300
3965	7305	-5218
3779	7161	-5221
3764	7303	-5145
3734	7691	-5274
3648	7599	-5319
3486	7457	-5429
3346	7375	-5418
3246	7404	-5398
3288	7541	-5446
3150	7727	-5739
3134	7957	-5448
3073	7991	-5299
2916	7939	-5445
2824	7979	-5506
2724	8124	-5447
2536	8182	-5489
2335	8076	-5536
2161	7931	-5429
2083	7854	-5316
1982	7988	-5372
1810	8142	-5585
1693	8163	-5556
1754	8109	-5663
1745	8344	-5683
1612	8521	-5826
1232	8476	-5775
926	7978	-5695
722	7395	-5411
682	7221	-5511
719	7915	-5090
540	8623	-5228
232	8920	-5496
124	8915	-5470
-181	8475	-4959
-56	8118	-5144
-179	8124	-5413
-391	8359	-5672
-558	8811	-5513
-538	9090	-5058
-460	8949	-4700
-551	8646	-4776
-697	8526	-4837
-801	8619	-4652
-836	8810	-4403
-822	8818	-4179
-970	8759	-4070
-1123	8630	-4045
-1278	8641	-3900
-1482	8644	-3868
-1657	8804	-3754
-1745	9089	-3632
-1813	9191	-3447
-1902	9073	-3225
-1988	9028	-3292
-2056	8936	-3301
-2107	9113	-3163
-1983	9301	-2786
-2012	9514	-2395
-2309	9218	-2442
-2598	9075	-2609
-2462	9337	-2094
-2624	9611	-2049
-2928	9448	-1967
-3152	9239	-1865
-3266	9185	-1696
-3289	9184	-1498
-3257	9259	-1401
-3251	9312	-1214
-3282	9407	-1094
-3353	9347	-970
-3315	9258	-799
-3369	9228	-656
-3370	9247	-561
-3464	8994	-638
-3584	8834	-516
-3559	8827	-240
-3585	8900	-109
-3699	8975	-102
-3814	9012	-96
-3862	8941	-11
-3909	8998	96
-3911	9046	214
-4022	8922	182
-4143	8807	137
-4251	8739	174
-4252	8902	353
-4318	8973	433
-4409	8919	346
-4536	8849	301
-4558	8836	397
-4586	8867	480
-4629	8776	524
-4680	8617	571
-4869	8417	399
-4955	8307	369
-4907	8277	466
-4877	8193	529
-4766	8345	737
-4878	8367	660
-5026	8191	589
-5088	8255	635
-5044	8347	781
-4961	8438	824
-5082	8327	969
-5364	8080	678
-5480	7764	411
-5540	7685	393
-5468	7698	677
-5451	7847	786
-5376	8028	906
-5544	7925	773
-5828	7956	552
-5824	8089	564
-5746	8022	639
-5896	7591	860
-6174	7441	1249
-6423	7991	1483
-6290	8350	1761
-5987	8037	1976
-6035	7380	2161
-5990	6459	2111
-6047	5994	1931
-6478	6396	1646
-6806	7025	1710
-6603	7035	2093
-6423	6633	2413
-6665	6310	2609
-6684	5898	2662
-7156	6020	3316
-7245	6587	1624
-6877	6721	2726
-6932	7100	2793
-6575	7617	2779
-6637	7091	2992
-6730	6370	2892
-6949	6211	2842
-6965	6161	2939
-6796	6275	2985
-6794	6398	2940
-6791	6347	3116
-6878	6151	3257
-6784	6230	3147
-6839	6410	2739
-6976	6526	2418
-6960	6503	2781
-6958	6446	2905
-6879	6413	3124
-6853	6426	3079
-7013	6438	2656
-7199	6320	2277
-7228	5955	2263
-7155	5825	2782
-7080	5908	3273
-7031	6127	3406
-7057	6028	3351
-7124	5825	3222
-7268	5571	3230
-7483	5305	3109
-7459	5456	2858
-7530	5739	2668
-7336	5996	2841
-7294	5906	3118
-7225	5815	3255
-7408	5445	2966
-7703	5189	2359
-8037	4781	1924
-8037	4858	2201
-7890	4944	2631
-7816	4832	2685
-7835	4922	2619
-7987	4778	2369
-8085	4798	2252
-8034	4940	2375
-7972	5057	2519
-7981	5163	2466
-8030	5019	2331
-8075	4740	2253
-8140	4651	2169
-8149	4704	2145
-8153	4755	2059
-8198	4662	1955
-8225	4626	2181
-8189	4732	2400
-8135	4990	2366
-8133	4989	2186
-8145	4844	2082
-8152	4725	1966
-8121	4791	2144
-8068	4944	2397
-7972	5092	2601
-7905	5188	2660
-7977	5175	2506
-8091	5102	2162
-8198	4918	1975
-8234	4899	2104
-8115	5016	2359
-7969	5064	2479
-7961	5004	2510
-8001	4920	2461
-8028	4911	2402
-7995	4944	2490
-7841	4771	2979
-7576	4707	3602
-7214	4785	3506
-7490	5067	2703
-7842	5210	1974
-8039	5070	1683
-8152	4837	1523
-8221	4616	1233
-8375	4542	921
-8465	4602	859
-8507	4635	1074
-8566	4581	1184
-8646	4476	1113
-8714	4367	935
-8756	4302	716
-8572	4334	756
-8468	4552	1072
-8398	4799	1341
-8386	4909	1473
-8411	4867	1440
-8406	4748	1348
-8403	4519	1285
-8374	4612	1376
-8351	4595	1368
-8354	4668	1437
-8424	4671	1437
-8520	4647	1474
-8450	4667	1520
-8275	4721	1350
-8251	4795	1125
-8111	4879	1143
-8283	4942	1123
-8383	4857	1007
-8278	4916	1027
-8229	4990	1067
-8233	5012	992
-8221	5028	781
-8185	5062	612
-8059	5053	578
-8063	5144	544
-8284	5284	248
-8358	5218	-75
-8152	5154	-397
-8171	4781	-890
-8165	4663	-1248
-8372	4819	-1483
-8558	4947	-1378
-8454	5108	-1434
-8235	5140	-1455
-8111	5221	-1667
-8041	5360	-1713
-7988	5388	-1621
-7996	5314	-1558
-8071	5205	-1819
-8090	4923	-2145
-7988	4685	-2369
-7882	4896	-2288
-7800	5279	-2256
-7777	5365	-2269
-7779	5215	-2349
-8021	5178	-2573
-7969	5237	-2974
-7997	5481	-3131
-7941	5516	-3245
-7865	5434	-3214
-7816	5396	-3219
-7725	5317	-3343
-7602	5201	-3424
-7507	5277	-3528
-7546	5345	-3344
-7432	5363	-3119
-7051	5033	-2856
-7143	4833	-3328
-7072	4900	-3981
-7094	4990	-4593
-7153	5183	-5004
-7105	5111	-5133
-6998	4801	-4994
-6921	4567	-4729
-6980	4665	-4958
-7055	4746	-5255
-7053	4664	-5287
-7012	4483	-5243
-6971	4354	-5328
-6969	4387	-5544
-7030	4394	-5676
-6817	4320	-5714
-6770	4219	-5566
-6639	4173	-5692
-6507	4184	-5873
-5978	3843	-6488
-6358	3753	-6348
-6448	3726	-6330
-6404	3773	-6552
-6348	3686	-6790
-6222	3503	-6747
-5701	3444	-6898
-5315	3467	-7066
-5231	3392	-7279
-5219	3339	-7483
-5265	3216	-7810
-5289	3164	-7922
-4966	3109	-7923
-4650	3095	-7995
-4672	2972	-8107
-4811	2866	-8458
-4812	2813	-8650
-4563	2796	-8610
-4258	2854	-8452
-4033	2839	-8404
-4017	2753	-8510
-4027	2647	-8715
-3989	2648	-8767
-3959	2635	-8854
-3892	2543	-8933
-3931	2539	-9016
-3922	2458	-9034
-3852	2293	-9041
-3794	2297	-8942
-3870	2275	-9051
-3822	2321	-9261
-3770	2228	-9309
-3614	2108	-9212
-3499	1938	-9100
-3454	1886	-9006
-3462	1967	-9082
-3393	1941	-9197
-3399	1899	-9211
-3466	1960	-9106
-3351	1635	-9156
-3441	1569	-9136
-3178	1423	-9236
-2954	1404	-9463
-2890	1320	-9686
-2837	1181	-9784
-2816	1130	-9638
-2647	1047	-9487
-2521	855	-9378
-2409	752	-9377
-2304	759	-9519
-2143	832	-9740
-2005	875	-9932
-1913	820	-10034
-1985	733	-10007
-1746	587	-9924
-1717	550	-9858
-1659	558	-9872
-1618	502	-9932
-1582	479	-9987
-1542	498	-9926
-1131	380	-9969
-1373	423	-9856
-1264	517	-9922
-1316	511	-9940
-1322	427	-10000
-1390	352	-10003
-1484	267	-9904
-1563	175	-9890
-1627	189	-9923
-1661	170	-10016
-1659	141	-9963
-1674	136	-9919
-1692	150	-9865
-1686	259	-9942
-1784	284	-10017
-1651	309	-10020
-1661	296	-10006
-1653	130	-9957
-1811	-50	-9797
-2003	-78	-9774
-2130	34	-9966
-2227	194	-10139
-2236	175	-10195
-2314	181	-9962
-2449	109	-9723
-2679	406	-9553
-2919	533	-9476
-3112	775	-9216
-3390	891	-9303
-3970	825	-9034
-4204	1016	-9031
-4317	1154	-8848
-4329	1182	-8791
-4503	949	-8684
-4698	836	-8642
-5051	975	-8634
-5344	937	-8509
-5328	888	-8274
-5639	840	-8270
-5926	842	-8245
-6027	1156	-8088
-5954	1369	-7691
-6087	1516	-7635
-6151	1798	-7616
-6242	1994	-7554
-6323	2204	-7401
-6432	2419	-7204
-6806	2154	-7080
-7096	1889	-6989
-7326	1851	-6854
-7670	1811	-6514
-8286	1772	-5964
-8273	1837	-5720
-7973	1451	-5516
-8053	1622	-5110
-7967	1712	-4902
-7619	1942	-4600
-7907	2343	-4279
-7797	2503	-4500
-7456	2728	-4673
-7423	2791	-4766
-7875	2745	-4763
-8573	2711	-4607
-8786	2572	-4472
-8532	2599	-4280
-8328	2256	-4141
-8208	2149	-3955
-8423	2209	-3704
-8628	2316	-3413
-8833	2381	-3398
-9012	2261	-3315
-9138	2285	-3156
-9240	2107	-2931
-9181	1890	-2679
-9010	2033	-2448
-8947	2262	-2532
-8967	2379	-2552
-9077	2319	-2510
-9233	2173	-2507
-9253	2244	-2391
-9222	2165	-2147
-9124	2216	-1836
-9112	2402	-1597
-9295	2500	-1444
-9510	2442	-1382
-9492	2161	-1300
-9444	2009	-1173
-9486	1995	-1052
-9556	2021	-794
-9610	1996	-579
-9680	1849	-606
-9698	1743	-605
-9696	1710	-640
-9639	1794	-576
-9563	1921	-406
-9675	1802	-322
-9805	1515	-110
-9893	1276	152
-9903	1198	322
-9972	1205	281
-10000	1325	222
-10030	1306	33
-9951	1232	-92
-9839	1275	-261
-9675	1544	-367
-9615	1618	-416
-9612	1504	-527
-9564	1147	-686
-9368	860	-744
-8928	490	-337
-8950	296	-64
-9544	657	-1029
-9980	317	-528
-10028	182	-299
-9737	-34	14
-9682	-193	86
-9712	-157	202
-9871	-17	127
-9889	-31	-25
-9794	-347	288
-9680	-639	538
-9647	-657	577
-9560	-694	573
-9566	-804	710
-9702	-684	788
-9738	-823	887
-9768	-1036	1020
-9802	-1204	1160
-9809	-1121	1073
-9681	-1179	980
-9721	-1202	898
-9691	-1231	1144
-9368	-1493	1389
-9240	-1712	1407
-9251	-1674	1489
-9289	-1713	1378
-9337	-1821	1422
-9464	-2022	1127
-9454	-2161	1392
-9261	-2301	1638
-9195	-2503	1651
-9160	-2687	1766
-9486	-2851	1934
-9380	-3076	2172
-9127	-3162	2102
-8933	-3293	2064
-8930	-3404	2028
-8897	-3609	1856
-8830	-3821	1801
-8897	-4012	1531
-9113	-4082	1572
-8337	-4355	784
-8239	-4460	642
-8443	-4452	922
-8599	-4518	1123
-8732	-4655	1053
-8714	-4694	812
-8728	-4800	611
-8375	-4848	412
-8106	-5027	334
-8035	-5043	635
-8207	-5036	990
-8418	-5015	1004
-8444	-5061	849
-8305	-5172	715
-8593	-5113	588
-8790	-5081	550
-8684	-4992	462
-8473	-4917	377
-8316	-4918	45
-8238	-4901	-487
-8308	-5044	-369
-8415	-5090	-341
-8256	-5026	-668
-8561	-5037	-842
-8555	-4955	-1053
-8561	-4928	-1291
-8473	-4883	-1464
-8550	-4867	-1605
-8602	-4792	-1911
-8468	-4701	-1851
-8138	-4917	-1668
-7796	-5116	-1514
-7675	-5257	-1388
-7716	-5462	-1271
-7769	-5650	-1292
-7728	-5792	-1424
-7454	-5722	-1441
-7209	-5751	-1381
-7239	-6003	-1495
-7368	-6307	-1846
-7348	-6413	-2111
-7175	-6363	-2296
-7026	-6302	-2422
-6945	-6267	-2562
-6835	-6427	-2663
-6793	-6597	-2813
-6700	-6618	-2927
-6493	-6638	-2882
-6367	-6633	-2810
-6309	-6706	-2885
-6313	-6882	-3001
-6191	-7049	-3155
-5933	-7033	-2936
-5797	-7139	-2969
-5765	-7270	-3065
-5699	-7248	-3097
-5653	-7407	-3191
-5605	-7474	-3255
-5541	-7553	-3290
-5469	-7643	-3337
-5307	-7666	-3258
-5149	-7691	-3236
-5002	-7656	-3143
-4954	-7705	-3082
-4974	-7809	-3103
-4997	-7852	-3183
-4883	-7871	-3227
-4682	-7934	-3233
-4540	-7963	-3213
-4490	-8062	-3099
-4434	-8126	-3103
-4257	-8177	-3162
-4039	-8225	-3168
-3944	-8249	-3101
-3882	-8398	-3031
-3798	-8542	-3083
-3631	-8742	-3123
-3558	-8776	-3093
-3555	-8830	-3044
-3630	-8844	-3059
-3618	-8827	-3059
-3558	-8813	-3009
-3404	-8821	-2909
-3290	-8801	-2827
-3497	-8779	-2683
-3547	-9183	-2212
-3348	-9013	-2404
-3453	-8882	-2410
-3378	-9003	-2393
-3415	-9083	-2542
-3518	-9075	-2692
-3544	-9008	-2594
-3463	-9035	-2398
-3471	-9083	-2374
-3478	-9106	-2480
-3493	-9083	-2543
-3479	-9008	-2566
-3492	-8932	-2435
-3539	-8911	-2231
-3903	-8927	-2819
-3722	-8813	-2421
-3658	-8749	-2085
-3732	-8347	-2061
-3817	-8639	-2018
-3788	-8790	-1979
-3687	-8878	-2095
-3786	-9006	-1860
-3891	-8966	-1876
-3965	-8904	-2094
-3790	-8736	-2070
-3556	-8437	-2164
-3461	-7951	-2408
-3521	-7759	-2497
-3665	-8135	-2282
-3757	-8617	-1864
-3775	-8867	-1583
-3747	-8963	-1340
-3809	-9239	-1210
-3951	-9456	-1227
-3924	-9543	-1324
-3885	-9337	-1560
-3845	-9130	-1690
-3811	-9131	-1791
-3743	-9087	-1726
-3609	-9019	-1513
-3493	-8885	-1309
-3482	-8947	-1135
-3585	-9034	-1009
-3732	-9057	-1043
-3717	-8915	-914
-3732	-8841	-923
-3758	-8824	-907
-3797	-9000	-872
-3839	-9386	-827
-3837	-9812	-835
-3795	-9996	-973
-3745	-9960	-1196
-3693	-9676	-1330
-3824	-9346	-1283
-3930	-9012	-1151
-3917	-8569	-867
-3900	-8187	-654
-3938	-8037	-392
-4144	-8233	-238
-4379	-8672	-251
-4418	-8834	-389
-4203	-8525	-580
-3954	-8102	-844
-3787	-8050	-1110
-3792	-8444	-1329
-3942	-9037	-1520
-4089	-9423	-1566
-4064	-9420	-1465
-3974	-9219	-1257
-3998	-9203	-1053
-4111	-9435	-975
-4254	-9535	-1008
-4185	-9148	-1040
-4003	-8435	-1014
-3858	-7897	-922
-3844	-7923	-798
-3925	-8209	-712
-3856	-8487	-687
-3754	-8724	-746
-3810	-9088	-962
-4023	-9627	-1204
-4192	-9872	-1344
-4075	-9459	-1405
-3747	-8690	-1383
-3497	-8011	-1295
-3559	-8246	-1178
-3909	-9001	-1113
-4128	-9542	-964
-4176	-9599	-899
-4086	-9389	-878
-3956	-9178	-885
-3877	-8985	-889
-3787	-8851	-943
-3616	-8716	-1059
-3489	-8433	-1167
-3522	-8355	-1315
-3729	-8647	-1313
-3965	-9159	-1148
-4123	-9644	-937
-4101	-9798	-769
-3864	-9559	-764
-3644	-9116	-875
-3547	-8816	-1044
-3603	-8781	-1196
-3735	-8989	-1235
-3859	-9136	-1225
-3818	-9073	-1164
-3725	-8880	-1122
-3692	-8766	-1047
-3740	-8845	-989
-3782	-9069	-921
-3845	-9304	-922
-3888	-9469	-1001
-3839	-9380	-1145
-3756	-9222	-1260
-3766	-9002	-1347
-3792	-8862	-1327
-3838	-8725	-1211
-3821	-8773	-1050
-3826	-8843	-923
-3820	-8879	-911
-3790	-8804	-1006
-3794	-8638	-1177
-3820	-8573	-1274
-3826	-8679	-1251
-3803	-8970	-1171
-3799	-9172	-1215
-3789	-9232	-1300
-3818	-9174	-1430
-3851	-9135	-1484
-3827	-9076	-1401
-3738	-8973	-1324
-3686	-8809	-1270
-3757	-8747	-1294
-3849	-8842	-1248
-3901	-8929	-1229
-3816	-8966	-1178
-3730	-8834	-1148
-3736	-8710	-1302
-3805	-8757	-1474
-3863	-8854	-1501
-3921	-8960	-1520
-3944	-8970	-1521
-3849	-8840	-1415
-3722	-8841	-1316
-3764	-8961	-1339
-3837	-9141	-1447
-3837	-9081	-1470
-3779	-9023	-1510
-3843	-9002	-1632
-3912	-9042	-1701
-3896	-8980	-1624
-3841	-8851	-1582
-3854	-8757	-1512
-3868	-8770	-1358
-3860	-8797	-1280
-3855	-8822	-1348
-3798	-8808	-1491
-3795	-8813	-1668
-3768	-8790	-1756
-3814	-8765	-1798
-3855	-8913	-1665
-3898	-9077	-1489
-3867	-9145	-1427
-3790	-9007	-1451
-3782	-8906	-1550
-3855	-8924	-1642
-3911	-8982	-1642
-3906	-8954	-1584
-3834	-8833	-1485
-3756	-8757	-1400
-3762	-8762	-1416
-3792	-8899	-1471
-3843	-9027	-1560
-3855	-9038	-1661
-3821	-8917	-1717
-3803	-8875	-1639
-3768	-8921	-1510
-3779	-9017	-1410
-3788	-8984	-1406
-3782	-8913	-1479
-3791	-8844	-1586
-3807	-8849	-1640
-3854	-8922	-1625
-3867	-8930	-1499
-3795	-8860	-1355
-3745	-8806	-1272
-3770	-8959	-1334
-3839	-9056	-1423
-3835	-9071	-1535
-3806	-8971	-1582
-3810	-8966	-1542
-3841	-8987	-1453
-3881	-8997	-1349
-3853	-8959	-1305
-3797	-8814	-1324
-3714	-8710	-1370
-3696	-8631	-1379
-3803	-8745	-1434
-3911	-8970	-1416
-3899	-9022	-1369
-3765	-8918	-1421
-3724	-8833	-1482
-3726	-8892	-1516
-3750	-9011	-1486
-3767	-9111	-1494
-3800	-9145	-1450
-3830	-9210	-1376
-3874	-9326	-1340
-3841	-9288	-1368
-3648	-8920	-1449
-3504	-8667	-1552
-3550	-8611	-1581
-3680	-8778	-1537
-3800	-8905	-1436
-3854	-8999	-1298
-3812	-9024	-1177
-3800	-9041	-1150
-3846	-9074	-1230
-3882	-8991	-1287
-3779	-8986	-1378
-3650	-8794	-1416
-3597	-8739	-1421
-3693	-8933	-1423
-3830	-9205	-1393
-3826	-9304	-1328
-3715	-9158	-1312
-3636	-9050	-1331
-3713	-9067	-1357
-3791	-9243	-1380
-3851	-9124	-1443
-3719	-8783	-1453
-3536	-8376	-1394
-3483	-8257	-1326
-3615	-8559	-1211
-3845	-9066	-1191
-3905	-9360	-1229
-3784	-9208	-1356
-3665	-9030	-1521
-3702	-9101	-1583
-3805	-9238	-1477
-3833	-9214	-1374
-3754	-8924	-1332
-3654	-8672	-1286
-3654	-8657	-1240
-3717	-8805	-1247
-3788	-8953	-1259
-3777	-9017	-1305
-3742	-9008	-1351
-3707	-8974	-1406
-3707	-8917	-1444
-3745	-8963	-1443
-3774	-9113	-1393
-3801	-9223	-1334
-3818	-9243	-1337
-3804	-9206	-1317
-3763	-9073	-1321
-3731	-8993	-1348
-3707	-8986	-1370
-3705	-8874	-1416
-3655	-8653	-1536
-3656	-8468	-1577
-3701	-8585	-1444
-3822	-8936	-1245
-3897	-9185	-1210
-3839	-9129	-1266
-3754	-8969	-1429
-3731	-8890	-1575
-3787	-8938	-1550
-3894	-9231	-1442
-3921	-9398	-1325
-3794	-9210	-1316
-3613	-8821	-1504
-3495	-8525	-1653
-3531	-8545	-1668
-3698	-8926	-1607
-3799	-9175	-1540
-3710	-9002	-1523
-3579	-8695	-1565
-3592	-8656	-1544
-3704	-8889	-1471
-3783	-9052	-1359
-3776	-9063	-1310
-3759	-9017	-1335
-3743	-9075	-1452
-3762	-9040	-1579
-3692	-8992	-1626
-3659	-8870	-1567
-3624	-8935	-1482
-3653	-9058	-1425
-3660	-9096	-1502
-3584	-8890	-1607
-3537	-8758	-1678
-3617	-8887	-1667
-3726	-9189	-1553
-3801	-9303	-1461
-3774	-9272	-1442
-3671	-9118	-1425
-3629	-8974	-1472
-3681	-8928	-1537
-3711	-8795	-1542
-3662	-8705	-1455
-3635	-8651	-1400
-3678	-8774	-1367
-3761	-9027	-1375
-3797	-9163	-1435
-3744	-9108	-1547
-3640	-9007	-1599
-3598	-8998	-1601
-3673	-9081	-1577
-3726	-9141	-1508
-3696	-9077	-1477
-3632	-8947	-1498
-3614	-8858	-1537
-3682	-8915	-1511
-3752	-9055	-1483
-3751	-9043	-1424
-3694	-8983	-1407
-3649	-8904	-1482
-3618	-8941	-1582
-3646	-8940	-1682
-3682	-8908	-1694
-3682	-8924	-1619
-3681	-8981	-1521
-3722	-9085	-1438
-3737	-9139	-1440
-3714	-9028	-1531
-3689	-8938	-1603
-3685	-8933	-1611
-3660	-8906	-1580
-3627	-8813	-1566
-3626	-8786	-1529
-3665	-8856	-1502
-3721	-8981	-1507
-3763	-9115	-1514
-3777	-9192	-1512
-3751	-9130	-1534
-3666	-8977	-1578
-3601	-8857	-1594
-3617	-8843	-1615
-3646	-8873	-1608
-3698	-8919	-1588
-3709	-8901	-1532
-3702	-8836	-1521
-3689	-8844	-1479
-3708	-8906	-1459
-3753	-9039	-1455
-3756	-9158	-1519
-3680	-9093	-1631
-3574	-8894	-1730
-3567	-8838	-1748
-3625	-8934	-1691
-3670	-9075	-1603
-3698	-9118	-1537
-3675	-9030	-1506
-3630	-8872	-1535
-3623	-8823	-1578
-3685	-8930	-1565
-3742	-9062	-1477
-3798	-9204	-1403
-3836	-9235	-1459
-3760	-9071	-1541
-3646	-8799	-1621
-3615	-8699	-1691
-3631	-8713	-1635
-3599	-8713	-1572
-3636	-8791	-1525
-3711	-9023	-1494
-3814	-9208	-1525
-3807	-9265	-1602
-3705	-9097	-1673
-3655	-8938	-1719
-3658	-8924	-1622
-3720	-9027	-1515
-3765	-9076	-1420
-3743	-9004	-1470
-3769	-8844	-1510
-3735	-8754	-1584
-3733	-8789	-1562
-3784	-8872	-1536
-3806	-8983	-1478
-3771	-8987	-1484
-3707	-8935	-1564
-3678	-8903	-1698
-3689	-8923	-1794
-3692	-8984	-1760
-3698	-8996	-1661
-3682	-8939	-1605
-3671	-8962	-1573
-3737	-9059	-1570
-3812	-9127	-1565
-3832	-9073	-1590
-3784	-8906	-1583
-3740	-8778	-1617
-3725	-8671	-1600
-3763	-8743	-1572
-3863	-8875	-1571
-3880	-9000	-1548
-3821	-8934	-1561
-3773	-8784	-1627
-3757	-8774	-1631
-3813	-8903	-1606
-3852	-9030	-1592
-3797	-9068	-1641
-3708	-8970	-1757
-3653	-8890	-1855
-3670	-8895	-1876
-3722	-8963	-1861
-3754	-8965	-1789
-3715	-8880	-1721
-3688	-8756	-1699
-3705	-8738	-1674
-3748	-8810	-1659
-3807	-8913	-1669
-3814	-8939	-1718
-3765	-8904	-1765
-3743	-8875	-1788
-3814	-8985	-1755
-3897	-9131	-1682
-3992	-9377	-1602
-4074	-9445	-1586
-4052	-9181	-1610
-4011	-8883	-1638
-3970	-8694	-1586
-3868	-8371	-1508
-3761	-8159	-1457
-3757	-8204	-1419
-3898	-8611	-1478
-4042	-8990	-1656
-3964	-8934	-1852
-3791	-8554	-2097
-3522	-8371	-2283
-3170	-8067	-2400
-3088	-7445	-2560
-3249	-7760	-2427
-3485	-9423	-1894
-3611	-10543	-1497
-3630	-10779	-1601
-3556	-10659	-2068
-3519	-9674	-2482
-2886	-8523	-2838
-2318	-7708	-3184
-2226	-7519	-3411
-2459	-8197	-3277
-2834	-9248	-3018
-3119	-10354	-2689
-3037	-10695	-2455
-2768	-10184	-2724
-2401	-9573	-3252
-2161	-8940	-3631
-2142	-8576	-3988
-2307	-8395	-4137
-2383	-8477	-4082
-2328	-8352	-3913
-2197	-8100	-3860
-2087	-8145	-3684
-2239	-8476	-3789
-2468	-8573	-4066
-2335	-8382	-4166
-2184	-8182	-4312
-2299	-8427	-4695
-2329	-8632	-4680
-2243	-8608	-4570
-1915	-8350	-4494
-1368	-7819	-4164
-924	-7823	-4174
-966	-8379	-4692
-1252	-9157	-5280
-1536	-9407	-5844
-1379	-9057	-5972
-1006	-8428	-5730
-592	-8141	-5370
-549	-7973	-5498
-774	-7964	-5799
-1025	-7914	-5989
-1074	-7782	-6043
-1063	-7794	-5886
-924	-8067	-5563
-890	-8361	-5638
-1092	-8251	-6312
-1196	-8036	-6652
-799	-8073	-6198
-588	-7904	-5675
-407	-7719	-5751
-232	-7658	-6015
-419	-7402	-6347
-451	-7324	-6162
-386	-7303	-5734
-442	-7412	-5829
-375	-7155	-6138
-596	-7361	-6703
-678	-7466	-6778
-713	-7512	-6560
-775	-7737	-6329
-806	-7749	-6197
-716	-7586	-6292
-531	-7202	-6422
-532	-6990	-6435
-460	-7236	-6129
-478	-7712	-5964
-525	-7903	-6028
-691	-7978	-6259
-574	-8060	-6039
-354	-7934	-5973
-256	-7923	-6217
-334	-8070	-6341
-434	-8158	-6069
-320	-7918	-5717
-155	-7796	-5647
-245	-7705	-5864
-148	-7648	-5746
191	-7565	-5476
540	-7473	-5532
371	-7784	-6060
195	-8378	-6110
265	-8960	-5714
204	-8762	-5454
485	-8540	-4928
693	-8806	-4858
606	-9395	-5034
342	-9316	-5219
343	-9043	-5061
598	-8513	-4674
766	-8329	-4467
825	-8506	-4452
738	-8666	-4759
877	-8509	-5071
1178	-7846	-5462
1508	-7471	-5494
1402	-8061	-5366
1456	-8528	-4959
1275	-8576	-5247
1236	-7875	-5191
1695	-7702	-4625
1742	-8247	-4286
1585	-8687	-4004
1476	-9092	-4264
1450	-8957	-4371
1827	-8517	-4049
2227	-8473	-3711
1933	-9104	-4046
1648	-9733	-4141
1682	-9597	-4098
2175	-9025	-3660
2638	-8613	-3385
2536	-8969	-3632
2188	-9335	-4292
2273	-9044	-4829
2544	-8248	-4414
2832	-7884	-3520
2675	-8401	-3290
2378	-8894	-3557
2374	-8845	-3517
2646	-8559	-3203
2868	-8474	-2928
2963	-8705	-2965
2870	-9104	-3128
2878	-9490	-2792
2998	-9224	-2613
3045	-9122	-3016
3083	-9092	-3558
3181	-8980	-3579
3390	-8765	-3146
3466	-8601	-2693
3369	-8674	-2670
3170	-8884	-2859
3140	-8982	-3036
3267	-8894	-2898
3557	-8859	-2410
4134	-6830	-4020
4849	-8099	-4538
5174	-8753	-3946
4646	-8854	-3545
4369	-8808	-2881
4274	-8859	-2603
3977	-8885	-2295
3838	-8804	-2015
3432	-8886	-1451
3529	-8953	-1757
3605	-8909	-2271
3755	-8886	-2455
3905	-8801	-2213
3878	-8866	-1540
3953	-8902	-918
3991	-8828	-942
4042	-8746	-1113
3961	-8690	-1608
4041	-8715	-1787
4243	-8809	-1286
4283	-8726	-1103
4332	-8515	-1405
4332	-8395	-1591
4452	-8470	-1342
4724	-8561	-613
4845	-8616	-194
4825	-8605	-449
4763	-8654	-681
4815	-8792	-661
4795	-8905	-490
4808	-8868	-224
4869	-8685	25
4958	-8507	77
5087	-8327	203
5305	-8298	264
5432	-8415	312
5441	-8624	255
5354	-8575	201
5372	-8278	331
5548	-7949	689
5708	-7748	1072
5860	-7894	1523
5806	-8152	1567
5593	-8451	998
5380	-8683	448
5311	-8160	269
5367	-7617	931
5644	-7331	1657
5951	-7345	2646
6113	-7449	3329
6011	-7499	3123
5874	-7552	2648
5680	-7624	2602
5631	-7685	2778
5752	-7643	3107
5908	-7655	3340
5938	-7532	3455
5902	-7341	3257
5821	-7236	2989
5695	-7232	2868
5581	-7226	2904
5587	-7067	3032
5716	-6820	3321
5827	-6562	3691
5947	-6490	4081
5933	-6519	4420
5906	-6651	4450
5951	-6444	4556
6018	-6003	4619
6145	-5815	4862
6187	-6017	5201
6077	-6388	5306
5959	-6616	5118
5729	-6581	4651
6097	-4522	5777
6059	-4660	5353
6045	-5095	5182
6151	-5367	5360
6125	-5426	5565
6075	-5367	5799
6023	-5170	5866
5977	-5160	5836
5866	-5373	5664
5798	-5523	5643
5762	-5444	5660
5712	-5261	5802
5674	-4991	5976
5600	-4812	5918
5613	-4804	5842
8658	-4469	11066
7005	-4630	9626
6166	-4815	8949
6144	-4649	6565
8392	-4021	8710
7508	-4114	7717
6986	-4023	8048
6335	-4080	8711
5672	-4347	7759
5808	-4651	5611
5512	-3603	7841
6376	-3052	8896
5891	-3191	9492
6672	-2448	10525
5350	-2576	7598
5047	-2533	9098
4362	-2054	9192
4776	-2506	8709
4257	-2835	8303
4345	-2506	9832
3887	-3206	8424
4455	-2476	9448
4091	-2282	9647
4747	-1371	8394
4944	-2582	8661
5051	-2026	9185
4392	-2265	8936
4484	-2064	8850
4477	-2667	8716
3901	-2201	8639
3208	-2678	9283
2979	-2173	9223
3232	-1864	9238
2664	-1634	8522
2388	-1457	9402
2350	-1419	9641
2474	-1134	10065
2234	-1126	10093
2650	-708	10635
2733	-1261	11130
2798	242	10918
2507	-859	10148
2811	-732	10158
2629	-906	9986
2426	-896	9656
1899	-891	9606
1343	-1282	9630
1062	-1313	10115
-79	-1521	10622
499	-369	11684
795	-894	11852
1539	-976	10818
1821	-579	10104
1748	-1203	10051
500	-1316	8241
336	-1203	9106
436	-1249	9316
515	-1365	9496
784	-1386	9340
858	-1266	9408
789	-1098	9531
719	-948	9698
739	-948	9729
833	-974	9694
910	-964	9694
891	-812	9754
898	-702	9792
839	-558	9941
834	-510	9992
842	-517	9967
915	-616	9859
884	-616	9873
887	-633	9847
766	-620	9830
762	-617	9750
746	-578	9717
727	-549	9735
859	-576	9825
854	-432	9936
768	-340	9784
578	-261	9534
760	14	9765
564	214	10206
1170	43	9810
1279	-454	9833
1243	-640	9540
1420	-273	9554
1092	-206	9839
956	-220	9913
923	-221	9917
843	-229	9948
850	-285	9881
894	-392	9786
968	-532	9719
856	-442	9745
1195	-463	9859
1011	-248	8273
7012	1812	12685
5919	2402	11484
4489	1599	11297
2188	1041	13204
4067	-350	13032
1440	306	11502
818	411	12417
-1956	-339	12358
181	-456	10065
232	-468	10378
968	-216	9807
843	-223	10223
859	-247	9995
1083	-122	9996
1201	-168	9725
1029	-89	9788
964	-74	9800
945	-65	9822
928	-47	9829
906	-43	9827
891	-35	9834
871	-36	9825
855	-25	9839
942	0	9771
881	24	9820
902	26	9906
843	-4	9886
900	-32	9819
903	-28	9842
911	-30	9861
864	-18	9879
827	-28	9874
867	-41	9884
952	-41	9870
865	-38	9878
875	-31	9875
856	-37	9872
837	-33	9859
877	-37	9817
884	-26	9803
910	-32	9804
905	-44	9817
872	-49	9823
874	-38	9823
865	-17	9827
824	-10	9854
836	-30	9864
826	-12	9864
833	-31	9873
892	-2	9848
870	4	9855
860	-7	9846
868	-28	9830
845	-33	9804
841	-23	9823
839	-29	9841
851	-32	9850
863	-24	9854
888	-11	9848
884	-8	9859
889	-13	9866
887	-1	9850
890	-6	9852
876	-2	9841
895	-15	9825
902	-13	9842
890	-11	9830
873	-25	9849
854	-42	9866
838	-39	9846
849	-28	9863
863	-24	9852
866	-37	9852
865	-47	9867
857	-46	9872
828	-39	9876
829	-59	9850
839	-49	9845
844	-43	9824
854	-34	9835
855	-44	9841
850	-42	9832
853	-24	9834
838	-20	9862
844	-19	9868
820	-29	9884
836	-48	9869
854	-42	9872
863	-28	9865
882	-18	9848
881	-15	9844
877	-21	9888
853	-39	9863
832	-43	9879
843	-23	9881
850	-21	9886
884	-57	9869
881	-42	9891
852	-41	9914
864	-19	9883
870	-8	9886
843	-8	9892
853	-19	9893
859	-10	9902
855	-7	9877
863	-2	9878
872	-12	9872
854	-9	9863
856	1	9873
848	-10	9882
850	-11	9889
856	-8	9880
855	-8	9865
857	-17	9848
858	-26	9839
868	-23	9825
879	-13	9826
884	2	9834
885	16	9835
873	12	9839
869	13	9865
868	-3	9869
869	-19	9863
857	-17	9854
861	-21	9854
853	-25	9846
856	-45	9859
872	-54	9862
876	-33	9842
872	-22	9847
847	-28	9848
837	-48	9840
853	-38	9833
858	-25	9852
854	-5	9854
853	-23	9880
853	-34	9884
843	-21	9897
861	-29	9881
854	-31	9866
867	-21	9835
867	-17	9832
857	-18	9832
853	-24	9830
860	-10	9838
854	-18	9851
839	-31	9862
843	-34	9881
864	-27	9873
879	-25	9860
884	-36	9848
865	-60	9860
863	-62	9854
875	-57	9860
876	-40	9847
883	-27	9848
868	-6	9823
781	-41	9872
